1000
2000
4.039167915023476e-04 1.002248649574646e-01
9.039167915023477e-04 1.004049315427662e-01
1.403916791502348e-03 1.000886604432492e-01
1.903916791502348e-03 1.005085283445324e-01
2.403916791502348e-03 1.005645510373749e-01
2.903916791502348e-03 1.005853155711839e-01
3.403916791502348e-03 1.004688183756105e-01
3.903916791502348e-03 1.004009250521545e-01
4.403916791502348e-03 1.002766381895284e-01
4.903916791502348e-03 1.004447357427356e-01
5.403916791502348e-03 1.003357926009575e-01
5.903916791502348e-03 1.004915564461718e-01
6.403916791502349e-03 1.006184246062408e-01
6.903916791502349e-03 1.007260892412979e-01
7.403916791502350e-03 1.004623116501802e-01
7.903916791502350e-03 1.007817228873769e-01
8.403916791502351e-03 1.007575562374233e-01
8.903916791502351e-03 1.004619979685100e-01
9.403916791502352e-03 1.004887947442172e-01
9.903916791502352e-03 1.009338078272412e-01
1.040391679150235e-02 1.009041907208760e-01
1.090391679150235e-02 1.009200449006907e-01
1.140391679150235e-02 1.010430430675560e-01
1.190391679150235e-02 1.009291037617955e-01
1.240391679150235e-02 1.008730943443388e-01
1.290391679150235e-02 1.011190779794781e-01
1.340391679150236e-02 1.008945106263575e-01
1.390391679150236e-02 1.007899082190417e-01
1.440391679150236e-02 1.008581785442220e-01
1.490391679150236e-02 1.010666175809123e-01
1.540391679150236e-02 1.012701894275949e-01
1.590391679150236e-02 1.011391857050216e-01
1.640391679150236e-02 1.010026378203903e-01
1.690391679150236e-02 1.008648722955086e-01
1.740391679150236e-02 1.011286574276161e-01
1.790391679150236e-02 1.010230404038991e-01
1.840391679150236e-02 1.013809347866544e-01
1.890391679150236e-02 1.010031052919819e-01
1.940391679150236e-02 1.013044646996301e-01
1.990391679150236e-02 1.010129291500305e-01
2.040391679150236e-02 1.012780413046303e-01
2.090391679150236e-02 1.014452888224599e-01
2.140391679150236e-02 1.012843355160196e-01
2.190391679150236e-02 1.011511213644666e-01
2.240391679150236e-02 1.014008261775014e-01
2.290391679150236e-02 1.014508750567548e-01
2.340391679150236e-02 1.016118390247599e-01
2.390391679150236e-02 1.013121311664914e-01
2.440391679150236e-02 1.015413628422670e-01
2.490391679150237e-02 1.017038517275217e-01
2.540391679150237e-02 1.013238721599371e-01
2.590391679150237e-02 1.014981889935905e-01
2.640391679150237e-02 1.016512213694759e-01
2.690391679150237e-02 1.013689163154272e-01
2.740391679150237e-02 1.014039572165132e-01
2.790391679150237e-02 1.014756305643843e-01
2.840391679150237e-02 1.019139465413486e-01
2.890391679150237e-02 1.016990444810926e-01
2.940391679150237e-02 1.016407267994929e-01
2.990391679150237e-02 1.016219114552347e-01
3.040391679150237e-02 1.015900337516251e-01
3.090391679150237e-02 1.017098601919899e-01
3.140391679150237e-02 1.020346003468178e-01
3.190391679150237e-02 1.018407209150945e-01
3.240391679150237e-02 1.017973149129846e-01
3.290391679150237e-02 1.018603601969091e-01
3.340391679150237e-02 1.020353706442835e-01
3.390391679150237e-02 1.018243528222410e-01
3.440391679150237e-02 1.019840492940597e-01
3.490391679150237e-02 1.019348867057877e-01
3.540391679150237e-02 1.019067877557258e-01
3.590391679150237e-02 1.023060376576953e-01
3.640391679150237e-02 1.018985507065591e-01
3.690391679150237e-02 1.021839134038231e-01
3.740391679150237e-02 1.019243509305991e-01
3.790391679150237e-02 1.022409573830661e-01
3.840391679150237e-02 1.020507443522403e-01
3.890391679150237e-02 1.024265080331280e-01
3.940391679150237e-02 1.024177555956731e-01
3.990391679150238e-02 1.024311099811528e-01
4.040391679150238e-02 1.024436850497086e-01
4.090391679150238e-02 1.025292622988884e-01
4.140391679150238e-02 1.021912295127944e-01
4.190391679150238e-02 1.023311196833947e-01
4.240391679150238e-02 1.026086613254960e-01
4.290391679150238e-02 1.022799255974508e-01
4.340391679150238e-02 1.024657319727472e-01
4.390391679150238e-02 1.026558191381257e-01
4.440391679150238e-02 1.025863975752406e-01
4.490391679150238e-02 1.026880891632939e-01
4.540391679150238e-02 1.023335505363740e-01
4.590391679150238e-02 1.027064274704224e-01
4.640391679150238e-02 1.024021083363750e-01
4.690391679150238e-02 1.028464593293020e-01
4.740391679150238e-02 1.024995929127503e-01
4.790391679150238e-02 1.026259904642919e-01
4.840391679150238e-02 1.026074960240159e-01
4.890391679150238e-02 1.029097359233347e-01
4.940391679150238e-02 1.027991980959955e-01
4.990391679150238e-02 1.029144691343967e-01
5.040391679150238e-02 1.026416020059508e-01
5.090391679150238e-02 1.029770073326466e-01
5.140391679150239e-02 1.029655569092367e-01
5.190391679150239e-02 1.027592179886142e-01
5.240391679150239e-02 1.028539876820864e-01
5.290391679150239e-02 1.030569629565792e-01
5.340391679150239e-02 1.031412051496541e-01
5.390391679150239e-02 1.030197229532772e-01
5.440391679150239e-02 1.030724095187794e-01
5.490391679150239e-02 1.031218333428209e-01
5.540391679150239e-02 1.029876260484875e-01
5.590391679150239e-02 1.030267946363847e-01
5.640391679150239e-02 1.031356890900753e-01
5.690391679150239e-02 1.031373288063234e-01
5.740391679150239e-02 1.032902537665700e-01
5.790391679150239e-02 1.031505424587387e-01
5.840391679150239e-02 1.032972854272569e-01
5.890391679150239e-02 1.031098421161197e-01
5.940391679150239e-02 1.031340296897454e-01
5.990391679150239e-02 1.031851491634925e-01
6.040391679150239e-02 1.035731818493587e-01
6.090391679150239e-02 1.032166015353379e-01
6.140391679150239e-02 1.036143550019738e-01
6.190391679150239e-02 1.036718119216651e-01
6.240391679150240e-02 1.032333122659987e-01
6.290391679150240e-02 1.037579152692062e-01
6.340391679150240e-02 1.034154719692927e-01
6.390391679150240e-02 1.034321663685188e-01
6.440391679150240e-02 1.037326840205402e-01
6.490391679150240e-02 1.037533638872052e-01
6.540391679150240e-02 1.038589765518609e-01
6.590391679150240e-02 1.038602605244845e-01
6.640391679150240e-02 1.036899653780440e-01
6.690391679150240e-02 1.037577334799912e-01
6.740391679150240e-02 1.035262705825373e-01
6.790391679150240e-02 1.039243233590543e-01
6.840391679150240e-02 1.036686311325394e-01
6.890391679150240e-02 1.039949609820717e-01
6.940391679150240e-02 1.037450682620517e-01
6.990391679150240e-02 1.040155854358583e-01
7.040391679150240e-02 1.038648480680377e-01
7.090391679150240e-02 1.039542431258021e-01
7.140391679150240e-02 1.037374100612211e-01
7.190391679150240e-02 1.041690344125725e-01
7.240391679150240e-02 1.042335225316621e-01
7.290391679150240e-02 1.041430538412147e-01
7.340391679150240e-02 1.039083923566348e-01
7.390391679150241e-02 1.040930349633469e-01
7.440391679150241e-02 1.042885205170178e-01
7.490391679150241e-02 1.040514301859401e-01
7.540391679150241e-02 1.042605618600529e-01
7.590391679150241e-02 1.043174356959329e-01
7.640391679150241e-02 1.041971066387669e-01
7.690391679150241e-02 1.042773193479263e-01
7.740391679150241e-02 1.043649636410303e-01
7.790391679150241e-02 1.042794344244165e-01
7.840391679150241e-02 1.043575355796098e-01
7.890391679150241e-02 1.045760079520076e-01
7.940391679150241e-02 1.044804304385720e-01
7.990391679150241e-02 1.043322924626034e-01
8.040391679150241e-02 1.045446738215506e-01
8.090391679150241e-02 1.045279239833529e-01
8.140391679150241e-02 1.043542708707690e-01
8.190391679150241e-02 1.043695438427538e-01
8.240391679150241e-02 1.043937347234567e-01
8.290391679150241e-02 1.044617771768275e-01
8.340391679150241e-02 1.048482472234624e-01
8.390391679150241e-02 1.045898759994637e-01
8.440391679150241e-02 1.044573642363387e-01
8.490391679150242e-02 1.045670432982486e-01
8.540391679150242e-02 1.045522767731291e-01
8.590391679150242e-02 1.047421009461742e-01
8.640391679150242e-02 1.049142341364892e-01
8.690391679150242e-02 1.046556793729630e-01
8.740391679150242e-02 1.047501584679393e-01
8.790391679150242e-02 1.049597960811889e-01
8.840391679150242e-02 1.050837746529401e-01
8.890391679150242e-02 1.049165799990784e-01
8.940391679150242e-02 1.047838336533891e-01
8.990391679150242e-02 1.050762569010445e-01
9.040391679150242e-02 1.051449167140903e-01
9.090391679150242e-02 1.051942325052706e-01
9.140391679150242e-02 1.050164457039446e-01
9.190391679150242e-02 1.049376782170388e-01
9.240391679150242e-02 1.050400941047202e-01
9.290391679150242e-02 1.049228246024727e-01
9.340391679150242e-02 1.052313865125181e-01
9.390391679150242e-02 1.053847477638652e-01
9.440391679150242e-02 1.054587804267943e-01
9.490391679150242e-02 1.051445801884800e-01
9.540391679150242e-02 1.051226043901404e-01
9.590391679150242e-02 1.053818048877031e-01
9.640391679150243e-02 1.055236268249332e-01
9.690391679150243e-02 1.053007554539812e-01
9.740391679150243e-02 1.055479719776578e-01
9.790391679150243e-02 1.051867133527248e-01
9.840391679150243e-02 1.055045984841169e-01
9.890391679150243e-02 1.056109845828992e-01
9.940391679150243e-02 1.054640397307455e-01
9.990391679150243e-02 1.056220835519635e-01
1.004039167915024e-01 1.053108046098659e-01
1.009039167915024e-01 1.056217345635326e-01
1.014039167915024e-01 1.054422293095950e-01
1.019039167915024e-01 1.057756957196837e-01
1.024039167915024e-01 1.058006684695704e-01
1.029039167915024e-01 1.056882252560209e-01
1.034039167915024e-01 1.057038975991452e-01
1.039039167915024e-01 1.058254026034072e-01
1.044039167915024e-01 1.060183037696760e-01
1.049039167915024e-01 1.058737541398196e-01
1.054039167915024e-01 1.057601920909680e-01
1.059039167915024e-01 1.059942480853802e-01
1.064039167915024e-01 1.058714945653696e-01
1.069039167915024e-01 1.060526113258130e-01
1.074039167915024e-01 1.061803507235711e-01
1.079039167915024e-01 1.061324492494865e-01
1.084039167915024e-01 1.061687179220350e-01
1.089039167915024e-01 1.060774258881700e-01
1.094039167915024e-01 1.061552775562982e-01
1.099039167915024e-01 1.062379560032533e-01
1.104039167915024e-01 1.063048260507616e-01
1.109039167915024e-01 1.063330494367323e-01
1.114039167915024e-01 1.061472610817322e-01
1.119039167915024e-01 1.063282709397440e-01
1.124039167915024e-01 1.061059259886068e-01
1.129039167915024e-01 1.061396423399307e-01
1.134039167915024e-01 1.064316668922135e-01
1.139039167915024e-01 1.064994655159696e-01
1.144039167915024e-01 1.061118115216016e-01
1.149039167915024e-01 1.062291198781598e-01
1.154039167915024e-01 1.064271760679347e-01
1.159039167915024e-01 1.062004419527953e-01
1.164039167915024e-01 1.066008641483138e-01
1.169039167915024e-01 1.065915840215398e-01
1.174039167915024e-01 1.066704702940872e-01
1.179039167915024e-01 1.065680042442368e-01
1.184039167915024e-01 1.064184049248231e-01
1.189039167915024e-01 1.064850725649460e-01
1.194039167915024e-01 1.064762055354115e-01
1.199039167915024e-01 1.064915863770402e-01
1.204039167915024e-01 1.068857683495328e-01
1.209039167915024e-01 1.067353881879157e-01
1.214039167915024e-01 1.069568588832762e-01
1.219039167915024e-01 1.067003061251578e-01
1.224039167915024e-01 1.067030464319102e-01
1.229039167915024e-01 1.070242451382856e-01
1.234039167915024e-01 1.066917644130896e-01
1.239039167915024e-01 1.067027317806234e-01
1.244039167915025e-01 1.069045817105198e-01
1.249039167915025e-01 1.071218807672068e-01
1.254039167915025e-01 1.071874395397197e-01
1.259039167915025e-01 1.069280573068391e-01
1.264039167915025e-01 1.071454623592409e-01
1.269039167915025e-01 1.069971001934558e-01
1.274039167915025e-01 1.068905800300934e-01
1.279039167915025e-01 1.073574771252682e-01
1.284039167915025e-01 1.072146530747074e-01
1.289039167915025e-01 1.073719639850908e-01
1.294039167915025e-01 1.073784509703730e-01
1.299039167915025e-01 1.073197489249277e-01
1.304039167915025e-01 1.070661289110847e-01
1.309039167915025e-01 1.072424175133054e-01
1.314039167915025e-01 1.074287114753361e-01
1.319039167915025e-01 1.075472284621034e-01
1.324039167915025e-01 1.071859364125946e-01
1.329039167915025e-01 1.074228007800976e-01
1.334039167915025e-01 1.074105204952686e-01
1.339039167915025e-01 1.073712825368982e-01
1.344039167915025e-01 1.076464525752610e-01
1.349039167915025e-01 1.075969278985271e-01
1.354039167915025e-01 1.075446780143995e-01
1.359039167915025e-01 1.076856218397666e-01
1.364039167915025e-01 1.074572933856557e-01
1.369039167915025e-01 1.075980751379750e-01
1.374039167915025e-01 1.074540116907263e-01
1.379039167915025e-01 1.076999535601438e-01
1.384039167915025e-01 1.076334485544297e-01
1.389039167915025e-01 1.076284034236859e-01
1.394039167915025e-01 1.078567961959614e-01
1.399039167915025e-01 1.079636091356594e-01
1.404039167915025e-01 1.076473155452603e-01
1.409039167915025e-01 1.079127040286211e-01
1.414039167915025e-01 1.077315561166152e-01
1.419039167915025e-01 1.081040733896083e-01
1.424039167915025e-01 1.081924899347185e-01
1.429039167915025e-01 1.078761964908425e-01
1.434039167915025e-01 1.081869698813947e-01
1.439039167915025e-01 1.081039057768387e-01
1.444039167915025e-01 1.079162510096563e-01
1.449039167915025e-01 1.082048235045736e-01
1.454039167915025e-01 1.080343538128386e-01
1.459039167915025e-01 1.080643598172896e-01
1.464039167915025e-01 1.080004860132634e-01
1.469039167915025e-01 1.079875596837520e-01
1.474039167915025e-01 1.081073163628734e-01
1.479039167915025e-01 1.081533684724550e-01
1.484039167915025e-01 1.083485087351009e-01
1.489039167915025e-01 1.084271716032920e-01
1.494039167915025e-01 1.084051564644072e-01
1.499039167915025e-01 1.083466216980714e-01
1.504039167915025e-01 1.083468990323660e-01
1.509039167915025e-01 1.082437573493226e-01
1.514039167915025e-01 1.082972739319241e-01
1.519039167915025e-01 1.085403145064326e-01
1.524039167915025e-01 1.085490304276939e-01
1.529039167915025e-01 1.084295435595836e-01
1.534039167915025e-01 1.083895701314746e-01
1.539039167915025e-01 1.088028092932765e-01
1.544039167915025e-01 1.086492896458135e-01
1.549039167915025e-01 1.088087054333397e-01
1.554039167915025e-01 1.087997380567521e-01
1.559039167915025e-01 1.088008894068561e-01
1.564039167915025e-01 1.086966423176190e-01
1.569039167915025e-01 1.089774597087477e-01
1.574039167915025e-01 1.088220450365414e-01
1.579039167915025e-01 1.087771152104576e-01
1.584039167915025e-01 1.087125238746636e-01
1.589039167915025e-01 1.088387512965170e-01
1.594039167915025e-01 1.091816100419379e-01
1.599039167915025e-01 1.089002005747236e-01
1.604039167915025e-01 1.087858210726941e-01
1.609039167915025e-01 1.089290146410667e-01
1.614039167915025e-01 1.091483996121831e-01
1.619039167915025e-01 1.089409186460549e-01
1.624039167915025e-01 1.090419421174986e-01
1.629039167915025e-01 1.093518238795653e-01
1.634039167915025e-01 1.091611190006707e-01
1.639039167915025e-01 1.094279905647965e-01
1.644039167915025e-01 1.092872268637882e-01
1.649039167915025e-01 1.090451823406694e-01
1.654039167915025e-01 1.092241784448636e-01
1.659039167915025e-01 1.095543351830305e-01
1.664039167915025e-01 1.091797758667102e-01
1.669039167915025e-01 1.093828992147782e-01
1.674039167915025e-01 1.094266909466103e-01
1.679039167915025e-01 1.095314257150306e-01
1.684039167915025e-01 1.095856240892133e-01
1.689039167915025e-01 1.095599880043146e-01
1.694039167915025e-01 1.095484912494602e-01
1.699039167915025e-01 1.094196829807918e-01
1.704039167915025e-01 1.095239593645463e-01
1.709039167915025e-01 1.094739755768590e-01
1.714039167915025e-01 1.098167826514722e-01
1.719039167915025e-01 1.097872595737397e-01
1.724039167915025e-01 1.094885244265009e-01
1.729039167915025e-01 1.096463316863123e-01
1.734039167915025e-01 1.095422772340197e-01
1.739039167915025e-01 1.096493327833463e-01
1.744039167915025e-01 1.099037330632776e-01
1.749039167915025e-01 1.101128865079630e-01
1.754039167915025e-01 1.099088652801957e-01
1.759039167915025e-01 1.100192022736675e-01
1.764039167915025e-01 1.098418490134517e-01
1.769039167915025e-01 1.098274959813045e-01
1.774039167915025e-01 1.102006187173028e-01
1.779039167915025e-01 1.100945391062962e-01
1.784039167915025e-01 1.098603014701321e-01
1.789039167915025e-01 1.100129364029291e-01
1.794039167915025e-01 1.101439288600611e-01
1.799039167915025e-01 1.102391114412805e-01
1.804039167915025e-01 1.101198691693084e-01
1.809039167915025e-01 1.104000084352030e-01
1.814039167915025e-01 1.102954818313882e-01
1.819039167915025e-01 1.102717976781211e-01
1.824039167915025e-01 1.102251610710817e-01
1.829039167915025e-01 1.101345103084990e-01
1.834039167915025e-01 1.101856283494013e-01
1.839039167915025e-01 1.106632408441080e-01
1.844039167915025e-01 1.105169880121512e-01
1.849039167915025e-01 1.105266265875837e-01
1.854039167915025e-01 1.103454313627482e-01
1.859039167915025e-01 1.107734387092791e-01
1.864039167915025e-01 1.107030605232136e-01
1.869039167915025e-01 1.108346226164693e-01
1.874039167915025e-01 1.107030403316182e-01
1.879039167915025e-01 1.108038436342674e-01
1.884039167915025e-01 1.105631127970448e-01
1.889039167915025e-01 1.107973590309971e-01
1.894039167915025e-01 1.109750839995751e-01
1.899039167915025e-01 1.109586026912900e-01
1.904039167915025e-01 1.108718347358908e-01
1.909039167915025e-01 1.108153539464855e-01
1.914039167915025e-01 1.108790081904950e-01
1.919039167915025e-01 1.110846686086414e-01
1.924039167915025e-01 1.109835994809738e-01
1.929039167915025e-01 1.108901242006228e-01
1.934039167915025e-01 1.109594357792430e-01
1.939039167915025e-01 1.110938428043299e-01
1.944039167915025e-01 1.111226992484836e-01
1.949039167915025e-01 1.112926830638325e-01
1.954039167915025e-01 1.109919354238724e-01
1.959039167915025e-01 1.113711953092240e-01
1.964039167915025e-01 1.112909470485891e-01
1.969039167915025e-01 1.113552843933858e-01
1.974039167915025e-01 1.111804546299731e-01
1.979039167915025e-01 1.115231471681973e-01
1.984039167915025e-01 1.114663940431525e-01
1.989039167915025e-01 1.113122254856565e-01
1.994039167915025e-01 1.116020565412875e-01
1.999039167915025e-01 1.113685594498352e-01
2.004039167915025e-01 1.116935211622469e-01
2.009039167915025e-01 1.112716315008739e-01
2.014039167915025e-01 1.114355990631831e-01
2.019039167915025e-01 1.116596226812531e-01
2.024039167915025e-01 1.113387179746625e-01
2.029039167915025e-01 1.118405088689751e-01
2.034039167915025e-01 1.116347241464533e-01
2.039039167915025e-01 1.115424596854924e-01
2.044039167915025e-01 1.117478506070119e-01
2.049039167915025e-01 1.116891273426463e-01
2.054039167915025e-01 1.115497007442744e-01
2.059039167915025e-01 1.116376255477525e-01
2.064039167915025e-01 1.119917059832262e-01
2.069039167915025e-01 1.118852007549151e-01
2.074039167915025e-01 1.116480357238342e-01
2.079039167915025e-01 1.118702793866924e-01
2.084039167915025e-01 1.121395138250088e-01
2.089039167915025e-01 1.119408578967678e-01
2.094039167915025e-01 1.117666886710054e-01
2.099039167915025e-01 1.120339421873532e-01
2.104039167915025e-01 1.119744152409528e-01
2.109039167915025e-01 1.119686260588818e-01
2.114039167915025e-01 1.120842496466184e-01
2.119039167915025e-01 1.124135671129812e-01
2.124039167915025e-01 1.124411904214239e-01
2.129039167915025e-01 1.123510418487231e-01
2.134039167915025e-01 1.124920918982328e-01
2.139039167915025e-01 1.124319845538698e-01
2.144039167915025e-01 1.121566723078815e-01
2.149039167915025e-01 1.125565406940679e-01
2.154039167915025e-01 1.122319059209848e-01
2.159039167915025e-01 1.122505074166584e-01
2.164039167915025e-01 1.126974205222866e-01
2.169039167915025e-01 1.125056700282212e-01
2.174039167915025e-01 1.127171941795769e-01
2.179039167915025e-01 1.123120839216560e-01
2.184039167915025e-01 1.125909879558132e-01
2.189039167915025e-01 1.125655732934492e-01
2.194039167915025e-01 1.125370267434313e-01
2.199039167915025e-01 1.124901321117878e-01
2.204039167915025e-01 1.128747868276180e-01
2.209039167915025e-01 1.126755885353853e-01
2.214039167915025e-01 1.126853757620704e-01
2.219039167915025e-01 1.128928501508313e-01
2.224039167915025e-01 1.130558680356429e-01
2.229039167915025e-01 1.127971937888427e-01
2.234039167915025e-01 1.126955975346211e-01
2.239039167915025e-01 1.130965176737079e-01
2.244039167915025e-01 1.131078374204783e-01
2.249039167915025e-01 1.128007039521933e-01
2.254039167915025e-01 1.129374916941615e-01
2.259039167915025e-01 1.128578806405953e-01
2.264039167915025e-01 1.130135361805101e-01
2.269039167915025e-01 1.132345077279538e-01
2.274039167915025e-01 1.129527563710623e-01
2.279039167915025e-01 1.131045594469249e-01
2.284039167915025e-01 1.132038886305019e-01
2.289039167915025e-01 1.130316754976331e-01
2.294039167915025e-01 1.130918413538880e-01
2.299039167915025e-01 1.133843103503202e-01
2.304039167915025e-01 1.135803995813281e-01
2.309039167915025e-01 1.132843465446119e-01
2.314039167915025e-01 1.135638148042046e-01
2.319039167915025e-01 1.136751967794720e-01
2.324039167915025e-01 1.136557547436137e-01
2.329039167915025e-01 1.136150904885776e-01
2.334039167915025e-01 1.132896873641407e-01
2.339039167915025e-01 1.135174563285503e-01
2.344039167915025e-01 1.134196661697599e-01
2.349039167915025e-01 1.135339870305336e-01
2.354039167915025e-01 1.136831136587817e-01
2.359039167915025e-01 1.139382122558713e-01
2.364039167915025e-01 1.138215505930913e-01
2.369039167915026e-01 1.139486619293751e-01
2.374039167915026e-01 1.138794140930374e-01
2.379039167915026e-01 1.138939311740442e-01
2.384039167915026e-01 1.137305107869509e-01
2.389039167915026e-01 1.140277908684597e-01
2.394039167915026e-01 1.139113338929780e-01
2.399039167915026e-01 1.137273206738265e-01
2.404039167915026e-01 1.141855363091065e-01
2.409039167915026e-01 1.141739176812549e-01
2.414039167915026e-01 1.138783255826015e-01
2.419039167915026e-01 1.139602104836430e-01
2.424039167915026e-01 1.141375586653884e-01
2.429039167915026e-01 1.140281919914112e-01
2.434039167915026e-01 1.142298382533157e-01
2.439039167915026e-01 1.139744553906047e-01
2.444039167915026e-01 1.141607968271357e-01
2.449039167915026e-01 1.143905116431103e-01
2.454039167915026e-01 1.143954819132563e-01
2.459039167915026e-01 1.142457781385844e-01
2.464039167915026e-01 1.141472868820586e-01
2.469039167915026e-01 1.143995537649217e-01
2.474039167915026e-01 1.143290416921063e-01
2.479039167915026e-01 1.146788994826828e-01
2.484039167915026e-01 1.143582745334268e-01
2.489039167915026e-01 1.144301130833108e-01
2.494039167915026e-01 1.144754748922653e-01
2.499039167915026e-01 1.145247761294744e-01
2.504039167915025e-01 1.146786331594797e-01
2.509039167915025e-01 1.148408004738377e-01
2.514039167915025e-01 1.146128604265619e-01
2.519039167915025e-01 1.146176971366920e-01
2.524039167915025e-01 1.148745983388374e-01
2.529039167915025e-01 1.150450141980285e-01
2.534039167915025e-01 1.150319529068841e-01
2.539039167915025e-01 1.150929997979282e-01
2.544039167915025e-01 1.150282429562321e-01
2.549039167915025e-01 1.148662530319069e-01
2.554039167915025e-01 1.152107961547931e-01
2.559039167915025e-01 1.150717454904080e-01
2.564039167915025e-01 1.148656085554864e-01
2.569039167915025e-01 1.148820122545018e-01
2.574039167915025e-01 1.152922802076131e-01
2.579039167915025e-01 1.152309061950582e-01
2.584039167915025e-01 1.151053389682882e-01
2.589039167915025e-01 1.151846299219842e-01
2.594039167915025e-01 1.153352307597148e-01
2.599039167915025e-01 1.153633436391984e-01
2.604039167915025e-01 1.151396690186374e-01
2.609039167915025e-01 1.152625406591613e-01
2.614039167915025e-01 1.156082312034752e-01
2.619039167915025e-01 1.152533276543720e-01
2.624039167915025e-01 1.155957093783902e-01
2.629039167915025e-01 1.153381119049836e-01
2.634039167915025e-01 1.153002710401394e-01
2.639039167915025e-01 1.157892135298763e-01
2.644039167915025e-01 1.155706211250716e-01
2.649039167915025e-01 1.155452893747705e-01
2.654039167915025e-01 1.155506611770489e-01
2.659039167915025e-01 1.154530346299448e-01
2.664039167915025e-01 1.155569597573555e-01
2.669039167915025e-01 1.158014617941785e-01
2.674039167915025e-01 1.156757229398127e-01
2.679039167915025e-01 1.160035809357626e-01
2.684039167915026e-01 1.158855111644663e-01
2.689039167915026e-01 1.157137040013609e-01
2.694039167915026e-01 1.160695825022432e-01
2.699039167915026e-01 1.158537101179985e-01
2.704039167915026e-01 1.159868478568306e-01
2.709039167915026e-01 1.161541848863115e-01
2.714039167915026e-01 1.162661578063870e-01
2.719039167915026e-01 1.161600351238860e-01
2.724039167915026e-01 1.163106328936547e-01
2.729039167915026e-01 1.162997113181096e-01
2.734039167915026e-01 1.160990326673063e-01
2.739039167915026e-01 1.160908617298097e-01
2.744039167915026e-01 1.161260100854289e-01
2.749039167915026e-01 1.160426916897782e-01
2.754039167915026e-01 1.165293734720403e-01
2.759039167915026e-01 1.163075674519396e-01
2.764039167915026e-01 1.163138213293072e-01
2.769039167915026e-01 1.166128746579315e-01
2.774039167915026e-01 1.165028264433719e-01
2.779039167915026e-01 1.163181037333881e-01
2.784039167915026e-01 1.163261815942195e-01
2.789039167915026e-01 1.166448948196887e-01
2.794039167915026e-01 1.164156971853613e-01
2.799039167915026e-01 1.166717454908176e-01
2.804039167915026e-01 1.164316700609003e-01
2.809039167915026e-01 1.166743675521342e-01
2.814039167915026e-01 1.167992928436011e-01
2.819039167915026e-01 1.166296262664131e-01
2.824039167915026e-01 1.165832896938758e-01
2.829039167915026e-01 1.170489201872615e-01
2.834039167915026e-01 1.166735358005582e-01
2.839039167915026e-01 1.169755337717899e-01
2.844039167915026e-01 1.167357415194569e-01
2.849039167915026e-01 1.171826001360431e-01
2.854039167915026e-01 1.172350702919698e-01
2.859039167915026e-01 1.170947403956623e-01
2.864039167915026e-01 1.171752406891079e-01
2.869039167915026e-01 1.173059684248135e-01
2.874039167915026e-01 1.170257805001511e-01
2.879039167915026e-01 1.172231231935816e-01
2.884039167915026e-01 1.173091539420989e-01
2.889039167915026e-01 1.172944918947113e-01
2.894039167915026e-01 1.174498481000022e-01
2.899039167915026e-01 1.175371915565409e-01
2.904039167915026e-01 1.174053553511589e-01
2.909039167915026e-01 1.175135174428759e-01
2.914039167915026e-01 1.173451588321466e-01
2.919039167915026e-01 1.176856602873054e-01
2.924039167915026e-01 1.175589393021099e-01
2.929039167915026e-01 1.177465758651294e-01
2.934039167915026e-01 1.173683777733597e-01
2.939039167915026e-01 1.177157375686063e-01
2.944039167915026e-01 1.176880700145810e-01
2.949039167915026e-01 1.175466366660713e-01
2.954039167915026e-01 1.176159868450357e-01
2.959039167915026e-01 1.178141656224398e-01
2.964039167915026e-01 1.178813311903529e-01
2.969039167915026e-01 1.180414877314798e-01
2.974039167915026e-01 1.180358606293045e-01
2.979039167915026e-01 1.180225299305852e-01
2.984039167915026e-01 1.181141368604242e-01
2.989039167915026e-01 1.176989248380933e-01
2.994039167915026e-01 1.179533711294507e-01
2.999039167915026e-01 1.177709443596171e-01
3.004039167915026e-01 1.182683290213756e-01
3.009039167915026e-01 1.180409630315428e-01
3.014039167915026e-01 1.181839034062727e-01
3.019039167915026e-01 1.182274648603578e-01
3.024039167915026e-01 1.180964825452145e-01
3.029039167915026e-01 1.184248703548068e-01
3.034039167915026e-01 1.181313892635002e-01
3.039039167915026e-01 1.180520318412573e-01
3.044039167915026e-01 1.183313311118799e-01
3.049039167915026e-01 1.181587590793536e-01
3.054039167915026e-01 1.186322772934551e-01
3.059039167915026e-01 1.182452518451062e-01
3.064039167915026e-01 1.186463326792049e-01
3.069039167915026e-01 1.184169623259880e-01
3.074039167915026e-01 1.183358876265542e-01
3.079039167915026e-01 1.185756759995134e-01
3.084039167915026e-01 1.184993499452313e-01
3.089039167915026e-01 1.185054640826371e-01
3.094039167915026e-01 1.185579783522580e-01
3.099039167915026e-01 1.189193299998866e-01
3.104039167915026e-01 1.187493351792999e-01
3.109039167915026e-01 1.188365031339498e-01
3.114039167915026e-01 1.188613161610689e-01
3.119039167915026e-01 1.187237485876510e-01
3.124039167915026e-01 1.189363138202761e-01
3.129039167915026e-01 1.189207195202911e-01
3.134039167915026e-01 1.187350200420523e-01
3.139039167915026e-01 1.190043699980531e-01
3.144039167915026e-01 1.190387204492325e-01
3.149039167915026e-01 1.190726029958655e-01
3.154039167915026e-01 1.191246408567653e-01
3.159039167915026e-01 1.191214695656628e-01
3.164039167915026e-01 1.193930586210291e-01
3.169039167915026e-01 1.190530882366239e-01
3.174039167915026e-01 1.190585086427633e-01
3.179039167915026e-01 1.191641244692385e-01
3.184039167915026e-01 1.191175298041166e-01
3.189039167915026e-01 1.192944358326286e-01
3.194039167915026e-01 1.192856397343532e-01
3.199039167915026e-01 1.194832686018886e-01
3.204039167915026e-01 1.194525056042228e-01
3.209039167915026e-01 1.193821094506891e-01
3.214039167915026e-01 1.196575733061556e-01
3.219039167915026e-01 1.194927302635013e-01
3.224039167915026e-01 1.196577815433584e-01
3.229039167915026e-01 1.198169671310983e-01
3.234039167915026e-01 1.198566875187526e-01
3.239039167915026e-01 1.199101664066704e-01
3.244039167915026e-01 1.195401983796408e-01
3.249039167915026e-01 1.195971438504511e-01
3.254039167915026e-01 1.199766637449790e-01
3.259039167915026e-01 1.199013687819648e-01
3.264039167915026e-01 1.200101285973291e-01
3.269039167915026e-01 1.198790863933710e-01
3.274039167915026e-01 1.201308271970811e-01
3.279039167915026e-01 1.199167340296282e-01
3.284039167915026e-01 1.202346577353946e-01
3.289039167915026e-01 1.202652376748063e-01
3.294039167915026e-01 1.202850114615081e-01
3.299039167915026e-01 1.201017809803107e-01
3.304039167915026e-01 1.201307171723084e-01
3.309039167915026e-01 1.201669808486951e-01
3.314039167915026e-01 1.204450094085824e-01
3.319039167915026e-01 1.202099432702163e-01
3.324039167915026e-01 1.203706234390650e-01
3.329039167915026e-01 1.201184375231806e-01
3.334039167915026e-01 1.204533305510593e-01
3.339039167915026e-01 1.205317375952703e-01
3.344039167915026e-01 1.204207574283352e-01
3.349039167915026e-01 1.207111322377726e-01
3.354039167915026e-01 1.204514241683975e-01
3.359039167915026e-01 1.207739151415722e-01
3.364039167915026e-01 1.204581060325760e-01
3.369039167915026e-01 1.204380521311206e-01
3.374039167915026e-01 1.205598684305162e-01
3.379039167915026e-01 1.208732570061803e-01
3.384039167915026e-01 1.209765131122079e-01
3.389039167915026e-01 1.206021522124584e-01
3.394039167915026e-01 1.209331000630499e-01
3.399039167915026e-01 1.206304464815596e-01
3.404039167915026e-01 1.207770673242298e-01
3.409039167915026e-01 1.209515492507603e-01
3.414039167915026e-01 1.210375927784034e-01
3.419039167915026e-01 1.212569433767354e-01
3.424039167915026e-01 1.212643308877005e-01
3.429039167915026e-01 1.210660408340613e-01
3.434039167915026e-01 1.210352016859842e-01
3.439039167915026e-01 1.213243941084899e-01
3.444039167915026e-01 1.211205429638969e-01
3.449039167915026e-01 1.210733143144193e-01
3.454039167915026e-01 1.211430906889596e-01
3.459039167915026e-01 1.214319678697405e-01
3.464039167915026e-01 1.213847727089494e-01
3.469039167915026e-01 1.211963251131180e-01
3.474039167915026e-01 1.212138612619012e-01
3.479039167915026e-01 1.212910489916453e-01
3.484039167915026e-01 1.213140957953628e-01
3.489039167915026e-01 1.216301828593703e-01
3.494039167915026e-01 1.217494130718834e-01
3.499039167915026e-01 1.216250926767748e-01
3.504039167915026e-01 1.216951450261884e-01
3.509039167915026e-01 1.215182351321323e-01
3.514039167915026e-01 1.216799511380896e-01
3.519039167915026e-01 1.218977172501679e-01
3.524039167915026e-01 1.216642537480419e-01
3.529039167915026e-01 1.219112637471288e-01
3.534039167915026e-01 1.219058735070807e-01
3.539039167915026e-01 1.217390985404630e-01
3.544039167915026e-01 1.220751574050845e-01
3.549039167915026e-01 1.218641020935871e-01
3.554039167915026e-01 1.218580379162142e-01
3.559039167915026e-01 1.223040592635943e-01
3.564039167915026e-01 1.222308047671775e-01
3.569039167915026e-01 1.222740802323722e-01
3.574039167915026e-01 1.224027254972655e-01
3.579039167915026e-01 1.223001090138013e-01
3.584039167915026e-01 1.221083220879709e-01
3.589039167915026e-01 1.221693330060495e-01
3.594039167915026e-01 1.223190908629925e-01
3.599039167915026e-01 1.223866118053023e-01
3.604039167915026e-01 1.223635301589307e-01
3.609039167915026e-01 1.225461775258653e-01
3.614039167915026e-01 1.223656658124639e-01
3.619039167915026e-01 1.227584561756310e-01
3.624039167915026e-01 1.227157001005245e-01
3.629039167915026e-01 1.225157456511604e-01
3.634039167915026e-01 1.224487217987621e-01
3.639039167915026e-01 1.228919874996724e-01
3.644039167915026e-01 1.224710719809690e-01
3.649039167915026e-01 1.229862070806654e-01
3.654039167915026e-01 1.227680579756579e-01
3.659039167915026e-01 1.228800772236791e-01
3.664039167915026e-01 1.226811616513669e-01
3.669039167915026e-01 1.230875645575478e-01
3.674039167915026e-01 1.228801626826136e-01
3.679039167915026e-01 1.229105731112598e-01
3.684039167915026e-01 1.230267522342170e-01
3.689039167915026e-01 1.232767030298470e-01
3.694039167915026e-01 1.231030580722986e-01
3.699039167915026e-01 1.230179922867339e-01
3.704039167915026e-01 1.230195606226093e-01
3.709039167915026e-01 1.233025009413399e-01
3.714039167915026e-01 1.231260825352412e-01
3.719039167915026e-01 1.235169989633409e-01
3.724039167915026e-01 1.233057938686886e-01
3.729039167915026e-01 1.232205763595095e-01
3.734039167915026e-01 1.234714084236336e-01
3.739039167915026e-01 1.235309249873929e-01
3.744039167915026e-01 1.234692034220797e-01
3.749039167915026e-01 1.233322547870055e-01
3.754039167915026e-01 1.234217301326611e-01
3.759039167915026e-01 1.237993411329828e-01
3.764039167915026e-01 1.238074304261611e-01
3.769039167915026e-01 1.236787609459022e-01
3.774039167915026e-01 1.239115054996383e-01
3.779039167915026e-01 1.238391581879735e-01
3.784039167915026e-01 1.239728299856201e-01
3.789039167915026e-01 1.236008226465588e-01
3.794039167915026e-01 1.239339892058228e-01
3.799039167915026e-01 1.241089698416236e-01
3.804039167915026e-01 1.237142981218779e-01
3.809039167915027e-01 1.237914922358001e-01
3.814039167915027e-01 1.240406448958866e-01
3.819039167915027e-01 1.239091864727446e-01
3.824039167915027e-01 1.238548884308983e-01
3.829039167915027e-01 1.243587202003839e-01
3.834039167915027e-01 1.242197292124525e-01
3.839039167915027e-01 1.242436432985067e-01
3.844039167915027e-01 1.244594348432894e-01
3.849039167915027e-01 1.241087838287440e-01
3.854039167915027e-01 1.245095929881766e-01
3.859039167915027e-01 1.241888896310959e-01
3.864039167915027e-01 1.245830915779977e-01
3.869039167915027e-01 1.242693708299755e-01
3.874039167915027e-01 1.243014482319345e-01
3.879039167915027e-01 1.244462852232872e-01
3.884039167915027e-01 1.245091628901162e-01
3.889039167915027e-01 1.247538640404876e-01
3.894039167915027e-01 1.244199850161402e-01
3.899039167915027e-01 1.248828842511058e-01
3.904039167915027e-01 1.244523555877541e-01
3.909039167915027e-01 1.246696463951330e-01
3.914039167915027e-01 1.249718267563638e-01
3.919039167915027e-01 1.250110331282878e-01
3.924039167915027e-01 1.250612757889736e-01
3.929039167915027e-01 1.250577976044852e-01
3.934039167915027e-01 1.249862291089072e-01
3.939039167915027e-01 1.251316915302259e-01
3.944039167915027e-01 1.252177294645872e-01
3.949039167915027e-01 1.249408264555430e-01
3.954039167915027e-01 1.252227438855526e-01
3.959039167915027e-01 1.253755598946697e-01
3.964039167915027e-01 1.251372761904518e-01
3.969039167915027e-01 1.251297468433069e-01
3.974039167915027e-01 1.251124803400102e-01
3.979039167915027e-01 1.252812498275566e-01
3.984039167915027e-01 1.252388787812670e-01
3.989039167915027e-01 1.255439230951712e-01
3.994039167915027e-01 1.251978837224691e-01
3.999039167915027e-01 1.253325564989206e-01
4.004039167915027e-01 1.252481772754601e-01
4.009039167915027e-01 1.257641497139822e-01
4.014039167915027e-01 1.255392969344090e-01
4.019039167915027e-01 1.258102725834844e-01
4.024039167915027e-01 1.254736522990075e-01
4.029039167915027e-01 1.257419800215100e-01
4.034039167915027e-01 1.256188708111852e-01
4.039039167915027e-01 1.258061813680092e-01
4.044039167915027e-01 1.257802384140754e-01
4.049039167915027e-01 1.257842533271014e-01
4.054039167915027e-01 1.258954412154458e-01
4.059039167915027e-01 1.258999226190479e-01
4.064039167915027e-01 1.260821562589478e-01
4.069039167915027e-01 1.259564273006280e-01
4.074039167915027e-01 1.259609927166959e-01
4.079039167915027e-01 1.261543214804192e-01
4.084039167915027e-01 1.259859415981628e-01
4.089039167915027e-01 1.263797405509328e-01
4.094039167915027e-01 1.261793085137926e-01
4.099039167915027e-01 1.260577180648867e-01
4.104039167915027e-01 1.261353402027376e-01
4.109039167915027e-01 1.261775264592588e-01
4.114039167915027e-01 1.261694275270007e-01
4.119039167915027e-01 1.264694160865882e-01
4.124039167915027e-01 1.264646977143839e-01
4.129039167915027e-01 1.263999315634813e-01
4.134039167915027e-01 1.263292634361602e-01
4.139039167915027e-01 1.267427223587240e-01
4.144039167915027e-01 1.264435233514800e-01
4.149039167915027e-01 1.264873131449138e-01
4.154039167915027e-01 1.264959165741928e-01
4.159039167915027e-01 1.265727844854849e-01
4.164039167915027e-01 1.265929672444270e-01
4.169039167915027e-01 1.268371127802561e-01
4.174039167915027e-01 1.266453255595254e-01
4.179039167915027e-01 1.267892315602039e-01
4.184039167915027e-01 1.267620226251550e-01
4.189039167915027e-01 1.269074182551114e-01
4.194039167915027e-01 1.271989011017302e-01
4.199039167915027e-01 1.271059897036403e-01
4.204039167915027e-01 1.272156149131548e-01
4.209039167915027e-01 1.270784744631812e-01
4.214039167915027e-01 1.269502074063014e-01
4.219039167915027e-01 1.272022032896093e-01
4.224039167915027e-01 1.273994449849611e-01
4.229039167915027e-01 1.272358284907384e-01
4.234039167915027e-01 1.271412122999872e-01
4.239039167915027e-01 1.276301072656679e-01
4.244039167915027e-01 1.273202968393039e-01
4.249039167915027e-01 1.274852296631946e-01
4.254039167915027e-01 1.273124891407300e-01
4.259039167915027e-01 1.275402296960620e-01
4.264039167915027e-01 1.277072514758378e-01
4.269039167915027e-01 1.274862885495537e-01
4.274039167915027e-01 1.274738679941037e-01
4.279039167915027e-01 1.275959955066671e-01
4.284039167915027e-01 1.277700642825646e-01
4.289039167915027e-01 1.276467471736578e-01
4.294039167915027e-01 1.276420788756093e-01
4.299039167915027e-01 1.279766675785119e-01
4.304039167915027e-01 1.278568328358760e-01
4.309039167915027e-01 1.278204341522122e-01
4.314039167915027e-01 1.281915305362550e-01
4.319039167915027e-01 1.280514918798148e-01
4.324039167915027e-01 1.282188255894922e-01
4.329039167915027e-01 1.283576951126859e-01
4.334039167915027e-01 1.283210962919414e-01
4.339039167915027e-01 1.284207283489794e-01
4.344039167915027e-01 1.281644742046096e-01
4.349039167915027e-01 1.283788123256701e-01
4.354039167915027e-01 1.283449604446350e-01
4.359039167915027e-01 1.281577323069421e-01
4.364039167915027e-01 1.281943040846061e-01
4.369039167915027e-01 1.284915325351423e-01
4.374039167915027e-01 1.285156209227975e-01
4.379039167915027e-01 1.287087282640461e-01
4.384039167915027e-01 1.288016072861781e-01
4.389039167915027e-01 1.286903197192325e-01
4.394039167915027e-01 1.288315354041816e-01
4.399039167915027e-01 1.285737904922627e-01
4.404039167915027e-01 1.285865953274939e-01
4.409039167915027e-01 1.290142031265712e-01
4.414039167915027e-01 1.289433044355427e-01
4.419039167915027e-01 1.290822097180147e-01
4.424039167915027e-01 1.287479062307477e-01
4.429039167915027e-01 1.291236115699997e-01
4.434039167915027e-01 1.288436418663343e-01
4.439039167915027e-01 1.291423775450575e-01
4.444039167915027e-01 1.288537090246736e-01
4.449039167915027e-01 1.290279871040760e-01
4.454039167915027e-01 1.291202003684905e-01
4.459039167915027e-01 1.291705587629723e-01
4.464039167915027e-01 1.292672725613583e-01
4.469039167915027e-01 1.291893893291590e-01
4.474039167915027e-01 1.295584888747447e-01
4.479039167915027e-01 1.292812888488453e-01
4.484039167915027e-01 1.293010002367126e-01
4.489039167915027e-01 1.295921986599269e-01
4.494039167915027e-01 1.293733009620223e-01
4.499039167915027e-01 1.295954010203298e-01
4.504039167915027e-01 1.295595528935585e-01
4.509039167915027e-01 1.297653911295899e-01
4.514039167915027e-01 1.297588233216208e-01
4.519039167915027e-01 1.297180796709894e-01
4.524039167915027e-01 1.296796514538908e-01
4.529039167915027e-01 1.296556494987525e-01
4.534039167915027e-01 1.297664629943226e-01
4.539039167915027e-01 1.297793359145085e-01
4.544039167915027e-01 1.301024407888487e-01
4.549039167915027e-01 1.298128366162246e-01
4.554039167915027e-01 1.300263034941532e-01
4.559039167915027e-01 1.298205242647894e-01
4.564039167915027e-01 1.299168111155198e-01
4.569039167915027e-01 1.300176346598073e-01
4.574039167915027e-01 1.304089881739601e-01
4.579039167915027e-01 1.301291710719249e-01
4.584039167915027e-01 1.300638715336386e-01
4.589039167915027e-01 1.301333989368383e-01
4.594039167915027e-01 1.301104330901950e-01
4.599039167915027e-01 1.302145525624500e-01
4.604039167915027e-01 1.304164175002519e-01
4.609039167915027e-01 1.304436962674650e-01
4.614039167915027e-01 1.305561773480368e-01
4.619039167915027e-01 1.308127311316212e-01
4.624039167915027e-01 1.307200735181098e-01
4.629039167915027e-01 1.306595727691211e-01
4.634039167915027e-01 1.305968168954539e-01
4.639039167915027e-01 1.309817327512188e-01
4.644039167915027e-01 1.306702641892298e-01
4.649039167915027e-01 1.308464160340824e-01
4.654039167915027e-01 1.309112089860323e-01
4.659039167915027e-01 1.310216409262976e-01
4.664039167915027e-01 1.308613511967653e-01
4.669039167915027e-01 1.308772680600147e-01
4.674039167915027e-01 1.309046195683744e-01
4.679039167915027e-01 1.311635363091827e-01
4.684039167915027e-01 1.311130573421843e-01
4.689039167915027e-01 1.312087998778408e-01
4.694039167915027e-01 1.314381384464973e-01
4.699039167915027e-01 1.311682846062517e-01
4.704039167915027e-01 1.314319145363730e-01
4.709039167915027e-01 1.313321828320365e-01
4.714039167915027e-01 1.313139838642467e-01
4.719039167915027e-01 1.316313059668670e-01
4.724039167915027e-01 1.315897743184830e-01
4.729039167915027e-01 1.314202765339747e-01
4.734039167915027e-01 1.314151003312263e-01
4.739039167915027e-01 1.317655590364532e-01
4.744039167915027e-01 1.316228496110763e-01
4.749039167915027e-01 1.315519395501675e-01
4.754039167915027e-01 1.319637207173799e-01
4.759039167915027e-01 1.319800501884932e-01
4.764039167915027e-01 1.318935637914975e-01
4.769039167915027e-01 1.318749418418287e-01
4.774039167915027e-01 1.321049117738652e-01
4.779039167915027e-01 1.318828252829820e-01
4.784039167915027e-01 1.317607309143714e-01
4.789039167915027e-01 1.318849440817578e-01
4.794039167915027e-01 1.320047433024222e-01
4.799039167915027e-01 1.320281209425752e-01
4.804039167915027e-01 1.322853972079889e-01
4.809039167915027e-01 1.324268712842941e-01
4.814039167915027e-01 1.325175333867254e-01
4.819039167915027e-01 1.320713430304596e-01
4.824039167915027e-01 1.321855276318671e-01
4.829039167915027e-01 1.322603054261488e-01
4.834039167915027e-01 1.325297664829375e-01
4.839039167915027e-01 1.325501772463387e-01
4.844039167915027e-01 1.326773731287871e-01
4.849039167915027e-01 1.326328186983708e-01
4.854039167915027e-01 1.328399919244169e-01
4.859039167915027e-01 1.326874043656950e-01
4.864039167915027e-01 1.324996751531764e-01
4.869039167915027e-01 1.326451765941447e-01
4.874039167915027e-01 1.327664085485928e-01
4.879039167915027e-01 1.329936152926816e-01
4.884039167915027e-01 1.329260567160527e-01
4.889039167915027e-01 1.329985203628382e-01
4.894039167915027e-01 1.330325638030098e-01
4.899039167915027e-01 1.327786438540013e-01
4.904039167915027e-01 1.332365155224955e-01
4.909039167915027e-01 1.331386282079061e-01
4.914039167915027e-01 1.333572957712734e-01
4.919039167915027e-01 1.331849090122439e-01
4.924039167915027e-01 1.330245976136085e-01
4.929039167915027e-01 1.334294028368054e-01
4.934039167915028e-01 1.334910671435152e-01
4.939039167915028e-01 1.331647687276211e-01
4.944039167915028e-01 1.336498642308258e-01
4.949039167915028e-01 1.332873745983371e-01
4.954039167915028e-01 1.334404703564364e-01
4.959039167915028e-01 1.336388283184918e-01
4.964039167915028e-01 1.333737685818744e-01
4.969039167915028e-01 1.335734518538725e-01
4.974039167915028e-01 1.337815144294422e-01
4.979039167915028e-01 1.335865037872776e-01
4.984039167915028e-01 1.338167988359246e-01
4.989039167915028e-01 1.337501259059661e-01
4.994039167915028e-01 1.340312988863687e-01
4.999039167915028e-01 1.338445320630531e-01
5.004039167915028e-01 1.341890163005011e-01
5.009039167915027e-01 1.341330434222885e-01
5.014039167915026e-01 1.342493392392580e-01
5.019039167915026e-01 1.338617137115550e-01
5.024039167915025e-01 1.339068309356005e-01
5.029039167915025e-01 1.340999165472639e-01
5.034039167915024e-01 1.343950247487533e-01
5.039039167915024e-01 1.343280794905726e-01
5.044039167915023e-01 1.345490939180340e-01
5.049039167915023e-01 1.343336797680980e-01
5.054039167915022e-01 1.344682177743517e-01
5.059039167915022e-01 1.346024760527456e-01
5.064039167915021e-01 1.347445157054081e-01
5.069039167915020e-01 1.345530312907937e-01
5.074039167915020e-01 1.344701816901259e-01
5.079039167915019e-01 1.344071576520224e-01
5.084039167915019e-01 1.345756949616405e-01
5.089039167915018e-01 1.345096949261517e-01
5.094039167915018e-01 1.345755264527264e-01
5.099039167915017e-01 1.346842819318960e-01
5.104039167915017e-01 1.347108835812771e-01
5.109039167915016e-01 1.348848707978625e-01
5.114039167915015e-01 1.351470127501913e-01
5.119039167915015e-01 1.348635517168934e-01
5.124039167915014e-01 1.351921877665252e-01
5.129039167915014e-01 1.351173263260922e-01
5.134039167915013e-01 1.350937571179909e-01
5.139039167915013e-01 1.351075590820024e-01
5.144039167915012e-01 1.354208639404218e-01
5.149039167915012e-01 1.351332752673893e-01
5.154039167915011e-01 1.354150862531795e-01
5.159039167915010e-01 1.355276194474442e-01
5.164039167915010e-01 1.356387702116382e-01
5.169039167915009e-01 1.354915575103170e-01
5.174039167915009e-01 1.356711138166480e-01
5.179039167915008e-01 1.357819985518085e-01
5.184039167915008e-01 1.357824562794565e-01
5.189039167915007e-01 1.357116736378991e-01
5.194039167915007e-01 1.357101339623791e-01
5.199039167915006e-01 1.358860949248933e-01
5.204039167915006e-01 1.360543548634332e-01
5.209039167915005e-01 1.356417778092510e-01
5.214039167915004e-01 1.359063895135773e-01
5.219039167915004e-01 1.361710493795130e-01
5.224039167915003e-01 1.360213159594431e-01
5.229039167915003e-01 1.361573738479623e-01
5.234039167915002e-01 1.363132731597932e-01
5.239039167915002e-01 1.362863081944773e-01
5.244039167915001e-01 1.363105648164097e-01
5.249039167915001e-01 1.359864620093411e-01
5.254039167915000e-01 1.365223864267614e-01
5.259039167914999e-01 1.365273461119315e-01
5.264039167914999e-01 1.363312994081693e-01
5.269039167914998e-01 1.365834020986101e-01
5.274039167914998e-01 1.362589044682732e-01
5.279039167914997e-01 1.363454648904589e-01
5.284039167914997e-01 1.364766445371274e-01
5.289039167914996e-01 1.365824833776743e-01
5.294039167914996e-01 1.366367186863878e-01
5.299039167914995e-01 1.365350433193561e-01
5.304039167914995e-01 1.368071007816412e-01
5.309039167914994e-01 1.365969214992581e-01
5.314039167914993e-01 1.370615208393251e-01
5.319039167914993e-01 1.368984376296627e-01
5.324039167914992e-01 1.369947212220708e-01
5.329039167914992e-01 1.370925194177565e-01
5.334039167914991e-01 1.369939304272634e-01
5.339039167914991e-01 1.370442481268202e-01
5.344039167914990e-01 1.370248069168704e-01
5.349039167914990e-01 1.373781883045191e-01
5.354039167914989e-01 1.370579437973715e-01
5.359039167914988e-01 1.371602060959614e-01
5.364039167914988e-01 1.375544206990371e-01
5.369039167914987e-01 1.374521648257499e-01
5.374039167914987e-01 1.372724305397392e-01
5.379039167914986e-01 1.374702218529984e-01
5.384039167914986e-01 1.374573005398229e-01
5.389039167914985e-01 1.373867087385803e-01
5.394039167914985e-01 1.375107447209665e-01
5.399039167914984e-01 1.374752560857553e-01
5.404039167914984e-01 1.375337039153018e-01
5.409039167914983e-01 1.376467730942524e-01
5.414039167914982e-01 1.375693192247217e-01
5.419039167914982e-01 1.378847616921503e-01
5.424039167914981e-01 1.377029411237757e-01
5.429039167914981e-01 1.377539633670392e-01
5.434039167914980e-01 1.381089061395124e-01
5.439039167914980e-01 1.380111712003078e-01
5.444039167914979e-01 1.381209043251649e-01
5.449039167914979e-01 1.379829204652317e-01
5.454039167914978e-01 1.382363141953813e-01
5.459039167914977e-01 1.380708747550755e-01
5.464039167914977e-01 1.381754474812203e-01
5.469039167914976e-01 1.383461422738387e-01
5.474039167914976e-01 1.384702871600252e-01
5.479039167914975e-01 1.386237767865857e-01
5.484039167914975e-01 1.383448688134662e-01
5.489039167914974e-01 1.383229894376374e-01
5.494039167914974e-01 1.384793271397523e-01
5.499039167914973e-01 1.386334739395995e-01
5.504039167914972e-01 1.389174374989395e-01
5.509039167914972e-01 1.387059577647961e-01
5.514039167914971e-01 1.389147594152415e-01
5.519039167914971e-01 1.390452955686832e-01
5.524039167914970e-01 1.386838833502742e-01
5.529039167914970e-01 1.391652394594550e-01
5.534039167914969e-01 1.389458209838045e-01
5.539039167914969e-01 1.390237067814937e-01
5.544039167914968e-01 1.388866556471046e-01
5.549039167914968e-01 1.392434228986950e-01
5.554039167914967e-01 1.392379349495787e-01
5.559039167914966e-01 1.391114116343722e-01
5.564039167914966e-01 1.390332931133717e-01
5.569039167914965e-01 1.394023613597426e-01
5.574039167914965e-01 1.395432555502623e-01
5.579039167914964e-01 1.392352564290949e-01
5.584039167914964e-01 1.396072517745552e-01
5.589039167914963e-01 1.395549584374464e-01
5.594039167914963e-01 1.396010588785753e-01
5.599039167914962e-01 1.395345866078079e-01
5.604039167914961e-01 1.397960733846804e-01
5.609039167914961e-01 1.395472962005055e-01
5.614039167914960e-01 1.397670777622492e-01
5.619039167914960e-01 1.395847951211079e-01
5.624039167914959e-01 1.399583351263401e-01
5.629039167914959e-01 1.397538484670457e-01
5.634039167914958e-01 1.401766067982695e-01
5.639039167914958e-01 1.402227545845384e-01
5.644039167914957e-01 1.399478686680837e-01
5.649039167914957e-01 1.399784091404397e-01
5.654039167914956e-01 1.401301124416664e-01
5.659039167914955e-01 1.400905630311747e-01
5.664039167914955e-01 1.403609609037792e-01
5.669039167914954e-01 1.401727671321461e-01
5.674039167914954e-01 1.402150192501644e-01
5.679039167914953e-01 1.405752343330792e-01
5.684039167914953e-01 1.403195901074825e-01
5.689039167914952e-01 1.405935811510946e-01
5.694039167914952e-01 1.404828033506965e-01
5.699039167914951e-01 1.405411931839909e-01
5.704039167914950e-01 1.406230005003948e-01
5.709039167914950e-01 1.404577475554084e-01
5.714039167914949e-01 1.408405906159621e-01
5.719039167914949e-01 1.407952196458185e-01
5.724039167914948e-01 1.409499388282936e-01
5.729039167914948e-01 1.409245435611822e-01
5.734039167914947e-01 1.410220045073328e-01
5.739039167914947e-01 1.409995135818021e-01
5.744039167914946e-01 1.408725829874480e-01
5.749039167914946e-01 1.409668658018534e-01
5.754039167914945e-01 1.413285874037705e-01
5.759039167914944e-01 1.414137917093223e-01
5.764039167914944e-01 1.412099087410348e-01
5.769039167914943e-01 1.412419865379235e-01
5.774039167914943e-01 1.415954460216686e-01
5.779039167914942e-01 1.412156040159865e-01
5.784039167914942e-01 1.414936592033844e-01
5.789039167914941e-01 1.417203041125494e-01
5.794039167914941e-01 1.413369999859132e-01
5.799039167914940e-01 1.417905223009045e-01
5.804039167914939e-01 1.414980236298648e-01
5.809039167914939e-01 1.417167016089352e-01
5.814039167914938e-01 1.415809161268693e-01
5.819039167914938e-01 1.420090197035661e-01
5.824039167914937e-01 1.419896710002386e-01
5.829039167914937e-01 1.418462673918309e-01
5.834039167914936e-01 1.420846784254510e-01
5.839039167914936e-01 1.422597404416936e-01
5.844039167914935e-01 1.418403453442771e-01
5.849039167914935e-01 1.419179585199020e-01
5.854039167914934e-01 1.421013527377075e-01
5.859039167914933e-01 1.422136697034278e-01
5.864039167914933e-01 1.420758970101241e-01
5.869039167914932e-01 1.420919636455512e-01
5.874039167914932e-01 1.426087012305497e-01
5.879039167914931e-01 1.425754014929660e-01
5.884039167914931e-01 1.425157887687780e-01
5.889039167914930e-01 1.425796652933913e-01
5.894039167914930e-01 1.424735146601521e-01
5.899039167914929e-01 1.427365733593931e-01
5.904039167914928e-01 1.428442966540924e-01
5.909039167914928e-01 1.425493934669260e-01
5.914039167914927e-01 1.428471441555145e-01
5.919039167914927e-01 1.427004339547853e-01
5.924039167914926e-01 1.428870197778365e-01
5.929039167914926e-01 1.429876028524696e-01
5.934039167914925e-01 1.429103851889758e-01
5.939039167914925e-01 1.428243223317005e-01
5.944039167914924e-01 1.431008079876204e-01
5.949039167914923e-01 1.430895053593685e-01
5.954039167914923e-01 1.434061454171161e-01
5.959039167914922e-01 1.433392743907925e-01
5.964039167914922e-01 1.434957530675715e-01
5.969039167914921e-01 1.431256722560590e-01
5.974039167914921e-01 1.434359306554156e-01
5.979039167914920e-01 1.435220476630102e-01
5.984039167914920e-01 1.434575114110251e-01
5.989039167914919e-01 1.434550900940107e-01
5.994039167914919e-01 1.436651393990254e-01
5.999039167914918e-01 1.436300393109463e-01
6.004039167914917e-01 1.436540233587178e-01
6.009039167914917e-01 1.439962199472752e-01
6.014039167914916e-01 1.440221507149161e-01
6.019039167914916e-01 1.438570367316778e-01
6.024039167914915e-01 1.441639353386275e-01
6.029039167914915e-01 1.441551997422265e-01
6.034039167914914e-01 1.439053426884922e-01
6.039039167914914e-01 1.441011458017820e-01
6.044039167914913e-01 1.441047644713855e-01
6.049039167914912e-01 1.441971949841981e-01
6.054039167914912e-01 1.441044554016198e-01
6.059039167914911e-01 1.441641563229692e-01
6.064039167914911e-01 1.444100029056757e-01
6.069039167914910e-01 1.445632935141637e-01
6.074039167914910e-01 1.444245239305192e-01
6.079039167914909e-01 1.443051561706541e-01
6.084039167914909e-01 1.445071897743811e-01
6.089039167914908e-01 1.447393224801390e-01
6.094039167914908e-01 1.444819717938877e-01
6.099039167914907e-01 1.449085309086877e-01
6.104039167914906e-01 1.445773607112884e-01
6.109039167914906e-01 1.450846096243004e-01
6.114039167914905e-01 1.448922170154328e-01
6.119039167914905e-01 1.451654045052938e-01
6.124039167914904e-01 1.452504112693251e-01
6.129039167914904e-01 1.448160753198883e-01
6.134039167914903e-01 1.451231376203191e-01
6.139039167914903e-01 1.450913254234677e-01
6.144039167914902e-01 1.451022448811072e-01
6.149039167914901e-01 1.450669925876603e-01
6.154039167914901e-01 1.454476757263783e-01
6.159039167914900e-01 1.454301339217388e-01
6.164039167914900e-01 1.456845921176554e-01
6.169039167914899e-01 1.455386790796311e-01
6.174039167914899e-01 1.453034554466975e-01
6.179039167914898e-01 1.458122034475159e-01
6.184039167914898e-01 1.456049049980605e-01
6.189039167914897e-01 1.455671334267851e-01
6.194039167914897e-01 1.457189525297426e-01
6.199039167914896e-01 1.459624995562549e-01
6.204039167914895e-01 1.459643440646594e-01
6.209039167914895e-01 1.459705678554890e-01
6.214039167914894e-01 1.462209187205555e-01
6.219039167914894e-01 1.459156713174921e-01
6.224039167914893e-01 1.460222057550753e-01
6.229039167914893e-01 1.460807655492496e-01
6.234039167914892e-01 1.461030873161622e-01
6.239039167914892e-01 1.463585506461610e-01
6.244039167914891e-01 1.460960967357098e-01
6.249039167914890e-01 1.463078796495488e-01
6.254039167914890e-01 1.464366721119448e-01
6.259039167914889e-01 1.462897761489176e-01
6.264039167914889e-01 1.464554941879158e-01
6.269039167914888e-01 1.463385382631948e-01
6.274039167914888e-01 1.464114319621161e-01
6.279039167914887e-01 1.466087168290857e-01
6.284039167914887e-01 1.465039428516215e-01
6.289039167914886e-01 1.468303745207042e-01
6.294039167914885e-01 1.469422805744228e-01
6.299039167914885e-01 1.467948170925148e-01
6.304039167914884e-01 1.470323451006797e-01
6.309039167914884e-01 1.469712404601665e-01
6.314039167914883e-01 1.472524988158768e-01
6.319039167914883e-01 1.471907060765593e-01
6.324039167914882e-01 1.474298668091110e-01
6.329039167914882e-01 1.474220372362898e-01
6.334039167914881e-01 1.473150854353379e-01
6.339039167914881e-01 1.472929978285688e-01
6.344039167914880e-01 1.471934039060135e-01
6.349039167914879e-01 1.476842354800933e-01
6.354039167914879e-01 1.473516161604792e-01
6.359039167914878e-01 1.476997449352774e-01
6.364039167914878e-01 1.476426353542263e-01
6.369039167914877e-01 1.475061587584573e-01
6.374039167914877e-01 1.479947887315675e-01
6.379039167914876e-01 1.479899188695327e-01
6.384039167914876e-01 1.478576639674253e-01
6.389039167914875e-01 1.478142341625884e-01
6.394039167914874e-01 1.480104025785475e-01
6.399039167914874e-01 1.480612251450379e-01
6.404039167914873e-01 1.481750659998480e-01
6.409039167914873e-01 1.479454709286347e-01
6.414039167914872e-01 1.482947978236870e-01
6.419039167914872e-01 1.480197131866060e-01
6.424039167914871e-01 1.481184747744303e-01
6.429039167914871e-01 1.484859640023686e-01
6.434039167914870e-01 1.483533888527465e-01
6.439039167914870e-01 1.482925570060334e-01
6.444039167914869e-01 1.484316143039277e-01
6.449039167914868e-01 1.483560374028759e-01
6.454039167914868e-01 1.485927899984782e-01
6.459039167914867e-01 1.489143788928833e-01
6.464039167914867e-01 1.487226565392934e-01
6.469039167914866e-01 1.486855822121436e-01
6.474039167914866e-01 1.488902485581812e-01
6.479039167914865e-01 1.488825125315478e-01
6.484039167914865e-01 1.487823895637636e-01
6.489039167914864e-01 1.488248403131991e-01
6.494039167914863e-01 1.492397080898103e-01
6.499039167914863e-01 1.489846377493981e-01
6.504039167914862e-01 1.489625216954247e-01
6.509039167914862e-01 1.494893267823310e-01
6.514039167914861e-01 1.495268967863261e-01
6.519039167914861e-01 1.493921375941229e-01
6.524039167914860e-01 1.492268873334563e-01
6.529039167914860e-01 1.496974632972710e-01
6.534039167914859e-01 1.495021649009732e-01
6.539039167914859e-01 1.496489449996657e-01
6.544039167914858e-01 1.495203309550431e-01
6.549039167914857e-01 1.499653952391153e-01
6.554039167914857e-01 1.496071465668131e-01
6.559039167914856e-01 1.500364763710106e-01
6.564039167914856e-01 1.496960028388475e-01
6.569039167914855e-01 1.501310925103131e-01
6.574039167914855e-01 1.502293032498956e-01
6.579039167914854e-01 1.499315109327533e-01
6.584039167914854e-01 1.501779634444012e-01
6.589039167914853e-01 1.500874265627016e-01
6.594039167914852e-01 1.501725837727347e-01
6.599039167914852e-01 1.505018287318967e-01
6.604039167914851e-01 1.502794038042443e-01
6.609039167914851e-01 1.505449561000030e-01
6.614039167914850e-01 1.506393860080585e-01
6.619039167914850e-01 1.506687882748062e-01
6.624039167914849e-01 1.508407692138368e-01
6.629039167914849e-01 1.505833217892735e-01
6.634039167914848e-01 1.505483976306337e-01
6.639039167914847e-01 1.505636184111018e-01
6.644039167914847e-01 1.507919376814999e-01
6.649039167914846e-01 1.511151503087195e-01
6.654039167914846e-01 1.508185227496508e-01
6.659039167914845e-01 1.509679008862690e-01
6.664039167914845e-01 1.512610463664514e-01
6.669039167914844e-01 1.509450693507913e-01
6.674039167914844e-01 1.514027215352529e-01
6.679039167914843e-01 1.514736026213430e-01
6.684039167914843e-01 1.510711399892059e-01
6.689039167914842e-01 1.512763846761329e-01
6.694039167914841e-01 1.514368891651310e-01
6.699039167914841e-01 1.513486081237484e-01
6.704039167914840e-01 1.514416649860728e-01
6.709039167914840e-01 1.516866208764673e-01
6.714039167914839e-01 1.514703218187575e-01
6.719039167914839e-01 1.516655093606080e-01
6.724039167914838e-01 1.517881110897850e-01
6.729039167914838e-01 1.516125308198814e-01
6.734039167914837e-01 1.519523858971389e-01
6.739039167914836e-01 1.517638517189560e-01
6.744039167914836e-01 1.519400978004391e-01
6.749039167914835e-01 1.523074248963263e-01
6.754039167914835e-01 1.518904019843589e-01
6.759039167914834e-01 1.522864408673412e-01
6.764039167914834e-01 1.523614893320092e-01
6.769039167914833e-01 1.524810166683851e-01
6.774039167914833e-01 1.523485293471918e-01
6.779039167914832e-01 1.525375813907358e-01
6.784039167914832e-01 1.523416349755964e-01
6.789039167914831e-01 1.526161481228057e-01
6.794039167914830e-01 1.527622964495631e-01
6.799039167914830e-01 1.527364956035662e-01
6.804039167914829e-01 1.527759983941832e-01
6.809039167914829e-01 1.525672468155329e-01
6.814039167914828e-01 1.526325023179954e-01
6.819039167914828e-01 1.529067792785720e-01
6.824039167914827e-01 1.528236297721734e-01
6.829039167914827e-01 1.527880668632241e-01
6.834039167914826e-01 1.530747045508475e-01
6.839039167914825e-01 1.530305222088248e-01
6.844039167914825e-01 1.531415838573363e-01
6.849039167914824e-01 1.530300558962498e-01
6.854039167914824e-01 1.533388722864624e-01
6.859039167914823e-01 1.534842203992174e-01
6.864039167914823e-01 1.535588276766158e-01
6.869039167914822e-01 1.535924740209845e-01
6.874039167914822e-01 1.533740882676314e-01
6.879039167914821e-01 1.535123253639514e-01
6.884039167914821e-01 1.538113689421847e-01
6.889039167914820e-01 1.538737651001615e-01
6.894039167914819e-01 1.537643440986779e-01
6.899039167914819e-01 1.536804590005725e-01
6.904039167914818e-01 1.540509565745576e-01
6.909039167914818e-01 1.539652359736354e-01
6.914039167914817e-01 1.542180619785618e-01
6.919039167914817e-01 1.541042290591479e-01
6.924039167914816e-01 1.540786055734260e-01
6.929039167914816e-01 1.541394626859640e-01
6.934039167914815e-01 1.541551488035420e-01
6.939039167914814e-01 1.543739943735114e-01
6.944039167914814e-01 1.546497284950846e-01
6.949039167914813e-01 1.542518751041596e-01
6.954039167914813e-01 1.543851802095033e-01
6.959039167914812e-01 1.546406256314843e-01
6.964039167914812e-01 1.544741772123074e-01
6.969039167914811e-01 1.546128423225370e-01
6.974039167914811e-01 1.545826170701924e-01
6.979039167914810e-01 1.547730192848267e-01
6.984039167914809e-01 1.548160693112306e-01
6.989039167914809e-01 1.550123771672019e-01
6.994039167914808e-01 1.550984399661862e-01
6.999039167914808e-01 1.551923419829516e-01
7.004039167914807e-01 1.552168595446445e-01
7.009039167914807e-01 1.550514236347715e-01
7.014039167914806e-01 1.552303058081880e-01
7.019039167914806e-01 1.552690097426634e-01
7.024039167914805e-01 1.555767462322288e-01
7.029039167914805e-01 1.554767155749203e-01
7.034039167914804e-01 1.555930763034470e-01
7.039039167914803e-01 1.556392227510617e-01
7.044039167914803e-01 1.555409012209789e-01
7.049039167914802e-01 1.554871004130192e-01
7.054039167914802e-01 1.558885676297188e-01
7.059039167914801e-01 1.555998958481800e-01
7.064039167914801e-01 1.558994728276894e-01
7.069039167914800e-01 1.559928105557983e-01
7.074039167914800e-01 1.560292963854285e-01
7.079039167914799e-01 1.562421863369999e-01
7.084039167914798e-01 1.563352634679442e-01
7.089039167914798e-01 1.563262634408282e-01
7.094039167914797e-01 1.561967726273310e-01
7.099039167914797e-01 1.565043030874147e-01
7.104039167914796e-01 1.565361143222720e-01
7.109039167914796e-01 1.564785386144808e-01
7.114039167914795e-01 1.564800697456763e-01
7.119039167914795e-01 1.567839329622882e-01
7.124039167914794e-01 1.568034678177965e-01
7.129039167914794e-01 1.567131641029842e-01
7.134039167914793e-01 1.566457647943583e-01
7.139039167914792e-01 1.566466296901042e-01
7.144039167914792e-01 1.566908584990382e-01
7.149039167914791e-01 1.571476912105004e-01
7.154039167914791e-01 1.571805717962171e-01
7.159039167914790e-01 1.571873761903046e-01
7.164039167914790e-01 1.574167752645370e-01
7.169039167914789e-01 1.570664844428697e-01
7.174039167914789e-01 1.575498832353317e-01
7.179039167914788e-01 1.575248532038448e-01
7.184039167914787e-01 1.575123099679799e-01
7.189039167914787e-01 1.575497914657905e-01
7.194039167914786e-01 1.575085734889905e-01
7.199039167914786e-01 1.578353178557990e-01
7.204039167914785e-01 1.577565510986469e-01
7.209039167914785e-01 1.575542962063936e-01
7.214039167914784e-01 1.580298078694841e-01
7.219039167914784e-01 1.576880002720129e-01
7.224039167914783e-01 1.580164082849055e-01
7.229039167914783e-01 1.579656738432911e-01
7.234039167914782e-01 1.582739670455782e-01
7.239039167914781e-01 1.581326057110262e-01
7.244039167914781e-01 1.580099673296614e-01
7.249039167914780e-01 1.581258082627659e-01
7.254039167914780e-01 1.582289582796167e-01
7.259039167914779e-01 1.585750542626737e-01
7.264039167914779e-01 1.585701847449617e-01
7.269039167914778e-01 1.586116731670385e-01
7.274039167914778e-01 1.586983815465204e-01
7.279039167914777e-01 1.586497378588808e-01
7.284039167914776e-01 1.585375552232703e-01
7.289039167914776e-01 1.589934385216238e-01
7.294039167914775e-01 1.588821754142472e-01
7.299039167914775e-01 1.587506786159824e-01
7.304039167914774e-01 1.590997928842731e-01
7.309039167914774e-01 1.589577497366097e-01
7.314039167914773e-01 1.592693377078594e-01
7.319039167914773e-01 1.592840723110354e-01
7.324039167914772e-01 1.592279003727536e-01
7.329039167914772e-01 1.594589898209581e-01
7.334039167914771e-01 1.593847376140685e-01
7.339039167914770e-01 1.592520060807916e-01
7.344039167914770e-01 1.594565009698409e-01
7.349039167914769e-01 1.597768949130935e-01
7.354039167914769e-01 1.594067119382437e-01
7.359039167914768e-01 1.599681842076194e-01
7.364039167914768e-01 1.600220072216935e-01
7.369039167914767e-01 1.600629595782846e-01
7.374039167914767e-01 1.597181875032004e-01
7.379039167914766e-01 1.600359212466953e-01
7.384039167914765e-01 1.599615812195731e-01
7.389039167914765e-01 1.603604836238328e-01
7.394039167914764e-01 1.599721764052993e-01
7.399039167914764e-01 1.602104573421938e-01
7.404039167914763e-01 1.601603988727773e-01
7.409039167914763e-01 1.603103785884382e-01
7.414039167914762e-01 1.603298310237225e-01
7.419039167914762e-01 1.607099170250788e-01
7.424039167914761e-01 1.608363374974179e-01
7.429039167914760e-01 1.608773888662256e-01
7.434039167914760e-01 1.606436598257039e-01
7.439039167914759e-01 1.605926642723118e-01
7.444039167914759e-01 1.610243033848139e-01
7.449039167914758e-01 1.611139533882384e-01
7.454039167914758e-01 1.608660407635779e-01
7.459039167914757e-01 1.610813113170616e-01
7.464039167914757e-01 1.609633726603927e-01
7.469039167914756e-01 1.609614396775374e-01
7.474039167914756e-01 1.611257735554632e-01
7.479039167914755e-01 1.613859286000580e-01
7.484039167914754e-01 1.615492874885468e-01
7.489039167914754e-01 1.615735082330955e-01
7.494039167914753e-01 1.616350073332782e-01
7.499039167914753e-01 1.614368730796036e-01
7.504039167914752e-01 1.617154359800396e-01
7.509039167914752e-01 1.618406364251269e-01
7.514039167914751e-01 1.616377947300851e-01
7.519039167914751e-01 1.619039367657741e-01
7.524039167914750e-01 1.620037813816047e-01
7.529039167914749e-01 1.618897949794486e-01
7.534039167914749e-01 1.619072335396546e-01
7.539039167914748e-01 1.623662361826149e-01
7.544039167914748e-01 1.620845853698254e-01
7.549039167914747e-01 1.621470848862507e-01
7.554039167914747e-01 1.622776714867305e-01
7.559039167914746e-01 1.623791999286348e-01
7.564039167914746e-01 1.625248514426532e-01
7.569039167914745e-01 1.626079971741170e-01
7.574039167914745e-01 1.625226525806658e-01
7.579039167914744e-01 1.627276996519200e-01
7.584039167914743e-01 1.627848058115108e-01
7.589039167914743e-01 1.628985750631161e-01
7.594039167914742e-01 1.629854031436661e-01
7.599039167914742e-01 1.629068585065804e-01
7.604039167914741e-01 1.630429212305906e-01
7.609039167914741e-01 1.633144133826395e-01
7.614039167914740e-01 1.633836490701528e-01
7.619039167914740e-01 1.633342158312544e-01
7.624039167914739e-01 1.635361504635167e-01
7.629039167914738e-01 1.632020281069644e-01
7.634039167914738e-01 1.633449904511322e-01
7.639039167914737e-01 1.636424568150617e-01
7.644039167914737e-01 1.637646601941329e-01
7.649039167914736e-01 1.639011586198168e-01
7.654039167914736e-01 1.639324595434215e-01
7.659039167914735e-01 1.637651263094438e-01
7.664039167914735e-01 1.639586571801923e-01
7.669039167914734e-01 1.642188797614000e-01
7.674039167914734e-01 1.642493831062980e-01
7.679039167914733e-01 1.639743841643040e-01
7.684039167914732e-01 1.640521767793729e-01
7.689039167914732e-01 1.640316058212425e-01
7.694039167914731e-01 1.641470271942843e-01
7.699039167914731e-01 1.643745170380705e-01
7.704039167914730e-01 1.643477238398097e-01
7.709039167914730e-01 1.645249400912287e-01
7.714039167914729e-01 1.647850965196882e-01
7.719039167914729e-01 1.648350226739624e-01
7.724039167914728e-01 1.645263820198701e-01
7.729039167914727e-01 1.646321205713793e-01
7.734039167914727e-01 1.648179496932549e-01
7.739039167914726e-01 1.649972001022043e-01
7.744039167914726e-01 1.651474216405143e-01
7.749039167914725e-01 1.653507212344576e-01
7.754039167914725e-01 1.653819978775026e-01
7.759039167914724e-01 1.650987813127611e-01
7.764039167914724e-01 1.655040003552189e-01
7.769039167914723e-01 1.655348679258068e-01
7.774039167914722e-01 1.656325011252211e-01
7.779039167914722e-01 1.656698653834955e-01
7.784039167914721e-01 1.657967485798603e-01
7.789039167914721e-01 1.654674093191871e-01
7.794039167914720e-01 1.657322321662028e-01
7.799039167914720e-01 1.659112378096106e-01
7.804039167914719e-01 1.661482426985059e-01
7.809039167914719e-01 1.658741386598645e-01
7.814039167914718e-01 1.658155095380947e-01
7.819039167914718e-01 1.661756698537424e-01
7.824039167914717e-01 1.660913388477407e-01
7.829039167914716e-01 1.664926892250261e-01
7.834039167914716e-01 1.665072522609881e-01
7.839039167914715e-01 1.664300408454568e-01
7.844039167914715e-01 1.667400723566195e-01
7.849039167914714e-01 1.667992337767770e-01
7.854039167914714e-01 1.668786139359523e-01
7.859039167914713e-01 1.665908784991650e-01
7.864039167914713e-01 1.667562067399854e-01
7.869039167914712e-01 1.670246180126863e-01
7.874039167914711e-01 1.667156073271482e-01
7.879039167914711e-01 1.670010172177968e-01
7.884039167914710e-01 1.673038128459173e-01
7.889039167914710e-01 1.671092003785878e-01
7.894039167914709e-01 1.670023528578215e-01
7.899039167914709e-01 1.673837850765009e-01
7.904039167914708e-01 1.673208099166389e-01
7.909039167914708e-01 1.676734992005483e-01
7.914039167914707e-01 1.676998972492143e-01
7.919039167914707e-01 1.674702455436999e-01
7.924039167914706e-01 1.677818286106054e-01
7.929039167914705e-01 1.678338076521523e-01
7.934039167914705e-01 1.680693893594742e-01
7.939039167914704e-01 1.679356459165216e-01
7.944039167914704e-01 1.680859969079744e-01
7.949039167914703e-01 1.680140333644018e-01
7.954039167914703e-01 1.679868479323674e-01
7.959039167914702e-01 1.683016764185117e-01
7.964039167914702e-01 1.683830014512477e-01
7.969039167914701e-01 1.682244992904083e-01
7.974039167914700e-01 1.683267200309435e-01
7.979039167914700e-01 1.687508653093172e-01
7.984039167914699e-01 1.684207838532593e-01
7.989039167914699e-01 1.684645567977190e-01
7.994039167914698e-01 1.687383984291754e-01
7.999039167914698e-01 1.686451746139480e-01
8.004039167914697e-01 1.686748532270911e-01
8.009039167914697e-01 1.689547371414616e-01
8.014039167914696e-01 1.690003576432842e-01
8.019039167914696e-01 1.691218616336514e-01
8.024039167914695e-01 1.690965710911198e-01
8.029039167914694e-01 1.692595120612315e-01
8.034039167914694e-01 1.695926737271617e-01
8.039039167914693e-01 1.692963429743820e-01
8.044039167914693e-01 1.696907517602543e-01
8.049039167914692e-01 1.693430620512437e-01
8.054039167914692e-01 1.698540752672161e-01
8.059039167914691e-01 1.696113359843879e-01
8.064039167914691e-01 1.700420777299695e-01
8.069039167914690e-01 1.700051459775994e-01
8.074039167914689e-01 1.699583265188934e-01
8.079039167914689e-01 1.701261371372399e-01
8.084039167914688e-01 1.700665842379528e-01
8.089039167914688e-01 1.701806600302935e-01
8.094039167914687e-01 1.701399542063137e-01
8.099039167914687e-01 1.701558924786647e-01
8.104039167914686e-01 1.706230578079869e-01
8.109039167914686e-01 1.704801322509044e-01
8.114039167914685e-01 1.707357770432886e-01
8.119039167914684e-01 1.707090574883872e-01
8.124039167914684e-01 1.708323316146750e-01
8.129039167914683e-01 1.706148104627883e-01
8.134039167914683e-01 1.709367606797930e-01
8.139039167914682e-01 1.711543887279252e-01
8.144039167914682e-01 1.709049864851234e-01
8.149039167914681e-01 1.709250345856781e-01
8.154039167914681e-01 1.709736050570214e-01
8.159039167914680e-01 1.711779573481931e-01
8.164039167914680e-01 1.714018746597662e-01
8.169039167914679e-01 1.714199599961712e-01
8.174039167914678e-01 1.716696193970308e-01
8.179039167914678e-01 1.717919577275574e-01
8.184039167914677e-01 1.718966037215320e-01
8.189039167914677e-01 1.719029522827931e-01
8.194039167914676e-01 1.716523948411953e-01
8.199039167914676e-01 1.720747917637562e-01
8.204039167914675e-01 1.721566995947227e-01
8.209039167914675e-01 1.723403108534677e-01
8.214039167914674e-01 1.719430301520466e-01
8.219039167914673e-01 1.723786472275449e-01
8.224039167914673e-01 1.724481997356103e-01
8.229039167914672e-01 1.724268777392887e-01
8.234039167914672e-01 1.724529884160668e-01
8.239039167914671e-01 1.723855754815218e-01
8.244039167914671e-01 1.729008208592100e-01
8.249039167914670e-01 1.728086210665208e-01
8.254039167914670e-01 1.726794451774905e-01
8.259039167914669e-01 1.730840577179530e-01
8.264039167914669e-01 1.727710369016752e-01
8.269039167914668e-01 1.733195126752342e-01
8.274039167914667e-01 1.731193144998609e-01
8.279039167914667e-01 1.733513782486446e-01
8.284039167914666e-01 1.731040445345810e-01
8.289039167914666e-01 1.736474090903687e-01
8.294039167914665e-01 1.735186138705865e-01
8.299039167914665e-01 1.734432909839577e-01
8.304039167914664e-01 1.734280164100275e-01
8.309039167914664e-01 1.737690037418118e-01
8.314039167914663e-01 1.738191441429944e-01
8.319039167914662e-01 1.739487963970407e-01
8.324039167914662e-01 1.737287767007340e-01
8.329039167914661e-01 1.739493818538204e-01
8.334039167914661e-01 1.741220750970813e-01
8.339039167914660e-01 1.744273009499596e-01
8.344039167914660e-01 1.740747507004864e-01
8.349039167914659e-01 1.744172786008883e-01
8.354039167914659e-01 1.745651891139862e-01
8.359039167914658e-01 1.747147296468596e-01
8.364039167914658e-01 1.746609465394119e-01
8.369039167914657e-01 1.748315484329279e-01
8.374039167914656e-01 1.748365720320764e-01
8.379039167914656e-01 1.747721008904438e-01
8.384039167914655e-01 1.748410332653144e-01
8.389039167914655e-01 1.752917125880543e-01
8.394039167914654e-01 1.750792656723065e-01
8.399039167914654e-01 1.750827722386041e-01
8.404039167914653e-01 1.753604717728757e-01
8.409039167914653e-01 1.754379596941364e-01
8.414039167914652e-01 1.752650797751222e-01
8.419039167914651e-01 1.756486492389634e-01
8.424039167914651e-01 1.756933929682001e-01
8.429039167914650e-01 1.757389837109189e-01
8.434039167914650e-01 1.757731740708433e-01
8.439039167914649e-01 1.759890290482867e-01
8.444039167914649e-01 1.759963166211329e-01
8.449039167914648e-01 1.763199308430854e-01
8.454039167914648e-01 1.763785683109987e-01
8.459039167914647e-01 1.762885724664181e-01
8.464039167914646e-01 1.763710504336199e-01
8.469039167914646e-01 1.763975894477836e-01
8.474039167914645e-01 1.763548912006912e-01
8.479039167914645e-01 1.766348784768746e-01
8.484039167914644e-01 1.767994347676412e-01
8.489039167914644e-01 1.768467244575525e-01
8.494039167914643e-01 1.768491142955644e-01
8.499039167914643e-01 1.770781785026177e-01
8.504039167914642e-01 1.768849351487583e-01
8.509039167914642e-01 1.769520548750112e-01
8.514039167914641e-01 1.772473587317611e-01
8.519039167914640e-01 1.774169105457428e-01
8.524039167914640e-01 1.775710890092264e-01
8.529039167914639e-01 1.772877512814705e-01
8.534039167914639e-01 1.778090441416229e-01
8.539039167914638e-01 1.774482439290981e-01
8.544039167914638e-01 1.775315506209122e-01
8.549039167914637e-01 1.777562371877877e-01
8.554039167914637e-01 1.778146590616131e-01
8.559039167914636e-01 1.780912550697805e-01
8.564039167914635e-01 1.783088929602826e-01
8.569039167914635e-01 1.781097712889985e-01
8.574039167914634e-01 1.781851454494419e-01
8.579039167914634e-01 1.783626074100208e-01
8.584039167914633e-01 1.786240278038610e-01
8.589039167914633e-01 1.786484139496974e-01
8.594039167914632e-01 1.784564221306709e-01
8.599039167914632e-01 1.786396902652508e-01
8.604039167914631e-01 1.789021190239298e-01
8.609039167914631e-01 1.786830605787244e-01
8.614039167914630e-01 1.791904955720239e-01
8.619039167914629e-01 1.789494310735267e-01
8.624039167914629e-01 1.791708057577908e-01
8.629039167914628e-01 1.790493012163214e-01
8.634039167914628e-01 1.795018465540181e-01
8.639039167914627e-01 1.793012631768901e-01
8.644039167914627e-01 1.796403962942124e-01
8.649039167914626e-01 1.795085409822484e-01
8.654039167914626e-01 1.799500920833737e-01
8.659039167914625e-01 1.800089120805492e-01
8.664039167914624e-01 1.798569658876618e-01
8.669039167914624e-01 1.800064685831533e-01
8.674039167914623e-01 1.801473456538917e-01
8.679039167914623e-01 1.800619398717471e-01
8.684039167914622e-01 1.803403226322415e-01
8.689039167914622e-01 1.804145653462683e-01
8.694039167914621e-01 1.803802862629353e-01
8.699039167914621e-01 1.806537558795573e-01
8.704039167914620e-01 1.808643176930385e-01
8.709039167914620e-01 1.807999444888319e-01
8.714039167914619e-01 1.807613446841619e-01
8.719039167914618e-01 1.811007286064162e-01
8.724039167914618e-01 1.812482666680406e-01
8.729039167914617e-01 1.811959217381571e-01
8.734039167914617e-01 1.811234951598835e-01
8.739039167914616e-01 1.814430270146230e-01
8.744039167914616e-01 1.813254865134400e-01
8.749039167914615e-01 1.814713302932044e-01
8.754039167914615e-01 1.813842353513622e-01
8.759039167914614e-01 1.819390705563499e-01
8.764039167914613e-01 1.817756436886032e-01
8.769039167914613e-01 1.821056113474394e-01
8.774039167914612e-01 1.818288484167906e-01
8.779039167914612e-01 1.822961002837576e-01
8.784039167914611e-01 1.824137040575798e-01
8.789039167914611e-01 1.824984626304068e-01
8.794039167914610e-01 1.821739416854199e-01
8.799039167914610e-01 1.825393224163034e-01
8.804039167914609e-01 1.824007016514865e-01
8.809039167914609e-01 1.829260387608900e-01
8.814039167914608e-01 1.827583762507668e-01
8.819039167914607e-01 1.828757746770795e-01
8.824039167914607e-01 1.829584072858279e-01
8.829039167914606e-01 1.833392408514746e-01
8.834039167914606e-01 1.832786774668404e-01
8.839039167914605e-01 1.830469605203830e-01
8.844039167914605e-01 1.834091269293004e-01
8.849039167914604e-01 1.837211957484608e-01
8.854039167914604e-01 1.836696795585242e-01
8.859039167914603e-01 1.836489574507957e-01
8.864039167914602e-01 1.838030199247869e-01
8.869039167914602e-01 1.841190866182841e-01
8.874039167914601e-01 1.838437455700187e-01
8.879039167914601e-01 1.840511562938566e-01
8.884039167914600e-01 1.842204998780305e-01
8.889039167914600e-01 1.842781642649896e-01
8.894039167914599e-01 1.842103475906638e-01
8.899039167914599e-01 1.846671986737505e-01
8.904039167914598e-01 1.847755605915455e-01
8.909039167914597e-01 1.845253069535696e-01
8.914039167914597e-01 1.849414539006253e-01
8.919039167914596e-01 1.847906507221385e-01
8.924039167914596e-01 1.852744260353042e-01
8.929039167914595e-01 1.853176692482659e-01
8.934039167914595e-01 1.850377733988170e-01
8.939039167914594e-01 1.855426025497209e-01
8.944039167914594e-01 1.855738473124214e-01
8.949039167914593e-01 1.853724646933729e-01
8.954039167914593e-01 1.856454982081054e-01
8.959039167914592e-01 1.859407335312251e-01
8.964039167914591e-01 1.856670852443101e-01
8.969039167914591e-01 1.861746375489400e-01
8.974039167914590e-01 1.859892348255674e-01
8.979039167914590e-01 1.861999630249040e-01
8.984039167914589e-01 1.864898712150790e-01
8.989039167914589e-01 1.866452039335403e-01
8.994039167914588e-01 1.865252885516272e-01
8.999039167914588e-01 1.865782090565407e-01
9.004039167914587e-01 1.869462270115472e-01
9.009039167914586e-01 1.866751803059249e-01
9.014039167914586e-01 1.871075299234580e-01
9.019039167914585e-01 1.870295257981203e-01
9.024039167914585e-01 1.869742232945651e-01
9.029039167914584e-01 1.875306692374049e-01
9.034039167914584e-01 1.875592708405926e-01
9.039039167914583e-01 1.875722622863926e-01
9.044039167914583e-01 1.875850760351402e-01
9.049039167914582e-01 1.879443150910049e-01
9.054039167914582e-01 1.878123600703741e-01
9.059039167914581e-01 1.878314840873144e-01
9.064039167914580e-01 1.878381612907191e-01
9.069039167914580e-01 1.880197859320438e-01
9.074039167914579e-01 1.882852778662834e-01
9.079039167914579e-01 1.886726372675912e-01
9.084039167914578e-01 1.882941451604169e-01
9.089039167914578e-01 1.886761117572964e-01
9.094039167914577e-01 1.889643985674039e-01
9.099039167914577e-01 1.890129744536563e-01
9.104039167914576e-01 1.890891038122973e-01
9.109039167914575e-01 1.890456887970176e-01
9.114039167914575e-01 1.892844810235664e-01
9.119039167914574e-01 1.894816564977474e-01
9.124039167914574e-01 1.893401985476904e-01
9.129039167914573e-01 1.897877000922103e-01
9.134039167914573e-01 1.895894199517631e-01
9.139039167914572e-01 1.896313873338491e-01
9.144039167914572e-01 1.901274364457151e-01
9.149039167914571e-01 1.902021501736969e-01
9.154039167914571e-01 1.901896383443588e-01
9.159039167914570e-01 1.904459933006807e-01
9.164039167914569e-01 1.906416323276003e-01
9.169039167914569e-01 1.904531226792652e-01
9.174039167914568e-01 1.905228030115061e-01
9.179039167914568e-01 1.910541422851735e-01
9.184039167914567e-01 1.908127508210965e-01
9.189039167914567e-01 1.913013706614862e-01
9.194039167914566e-01 1.912357010482554e-01
9.199039167914566e-01 1.913967807883628e-01
9.204039167914565e-01 1.916339508778328e-01
9.209039167914564e-01 1.913252870478254e-01
9.214039167914564e-01 1.918940970126633e-01
9.219039167914563e-01 1.920261916279419e-01
9.224039167914563e-01 1.917870365058779e-01
9.229039167914562e-01 1.920088547588205e-01
9.234039167914562e-01 1.924154528734828e-01
9.239039167914561e-01 1.921845728529975e-01
9.244039167914561e-01 1.926747432972023e-01
9.249039167914560e-01 1.927556273841352e-01
9.254039167914559e-01 1.929589310659680e-01
9.259039167914559e-01 1.929104423253643e-01
9.264039167914558e-01 1.928327213805396e-01
9.269039167914558e-01 1.931592205833241e-01
9.274039167914557e-01 1.931918985986409e-01
9.279039167914557e-01 1.933562935429392e-01
9.284039167914556e-01 1.935134451430433e-01
9.289039167914556e-01 1.937305652298688e-01
9.294039167914555e-01 1.938192153536068e-01
9.299039167914555e-01 1.938542635558461e-01
9.304039167914554e-01 1.940274985391765e-01
9.309039167914553e-01 1.944845855395022e-01
9.314039167914553e-01 1.946564786714289e-01
9.319039167914552e-01 1.944053775199332e-01
9.324039167914552e-01 1.945535080389293e-01
9.329039167914551e-01 1.946741563222183e-01
9.334039167914551e-01 1.948329840973171e-01
9.339039167914550e-01 1.951178206742196e-01
9.344039167914550e-01 1.951046870740592e-01
9.349039167914549e-01 1.955749370000291e-01
9.354039167914548e-01 1.953974311429479e-01
9.359039167914548e-01 1.954975239343797e-01
9.364039167914547e-01 1.960346370569853e-01
9.369039167914547e-01 1.958009309939237e-01
9.374039167914546e-01 1.964075629381292e-01
9.379039167914546e-01 1.965794119105909e-01
9.384039167914545e-01 1.964408530501695e-01
9.389039167914545e-01 1.968268413934398e-01
9.394039167914544e-01 1.966399891291503e-01
9.399039167914544e-01 1.968631909635291e-01
9.404039167914543e-01 1.972010558764627e-01
9.409039167914542e-01 1.970878925678122e-01
9.414039167914542e-01 1.976323740741854e-01
9.419039167914541e-01 1.977616597228618e-01
9.424039167914541e-01 1.978435004731852e-01
9.429039167914540e-01 1.977885177059971e-01
9.434039167914540e-01 1.979493983116624e-01
9.439039167914539e-01 1.985549221835489e-01
9.444039167914539e-01 1.985829114955130e-01
9.449039167914538e-01 1.986976034005223e-01
9.454039167914537e-01 1.987026342895196e-01
9.459039167914537e-01 1.992676032331070e-01
9.464039167914536e-01 1.992024005454107e-01
9.469039167914536e-01 1.992416043844799e-01
9.474039167914535e-01 1.994170007782802e-01
9.479039167914535e-01 1.998606930811687e-01
9.484039167914534e-01 1.998805323390614e-01
9.489039167914534e-01 2.000739528045256e-01
9.494039167914533e-01 2.001608733350136e-01
9.499039167914533e-01 2.005251518823600e-01
9.504039167914532e-01 2.005455619706244e-01
9.509039167914531e-01 2.008108683981831e-01
9.514039167914531e-01 2.011302684704666e-01
9.519039167914530e-01 2.015419419883093e-01
9.524039167914530e-01 2.014267984901447e-01
9.529039167914529e-01 2.017051763932381e-01
9.534039167914529e-01 2.021401180948735e-01
9.539039167914528e-01 2.022368915013096e-01
9.544039167914528e-01 2.022507729447944e-01
9.549039167914527e-01 2.028473995407631e-01
9.554039167914526e-01 2.030149160777355e-01
9.559039167914526e-01 2.032131896917836e-01
9.564039167914525e-01 2.035421476708051e-01
9.569039167914525e-01 2.035985889632353e-01
9.574039167914524e-01 2.037695208111375e-01
9.579039167914524e-01 2.040226019001493e-01
9.584039167914523e-01 2.043652326650199e-01
9.589039167914523e-01 2.045370870217225e-01
9.594039167914522e-01 2.047345830206662e-01
9.599039167914521e-01 2.049429224482109e-01
9.604039167914521e-01 2.050659952719446e-01
9.609039167914520e-01 2.056038345770824e-01
9.614039167914520e-01 2.057112196342764e-01
9.619039167914519e-01 2.061019089423802e-01
9.624039167914519e-01 2.065104917985423e-01
9.629039167914518e-01 2.066235114376047e-01
9.634039167914518e-01 2.067868075789190e-01
9.639039167914517e-01 2.070427984219295e-01
9.644039167914517e-01 2.076754393666982e-01
9.649039167914516e-01 2.077504670354678e-01
9.654039167914515e-01 2.081941358494672e-01
9.659039167914515e-01 2.086691533295787e-01
9.664039167914514e-01 2.088299999378349e-01
9.669039167914514e-01 2.089121070255493e-01
9.674039167914513e-01 2.096163422776936e-01
9.679039167914513e-01 2.099780769767227e-01
9.684039167914512e-01 2.101530632972076e-01
9.689039167914512e-01 2.106051950902754e-01
9.694039167914511e-01 2.108750969480265e-01
9.699039167914510e-01 2.113737847247236e-01
9.704039167914510e-01 2.117307790367743e-01
9.709039167914509e-01 2.119748416295223e-01
9.714039167914509e-01 2.124768510422662e-01
9.719039167914508e-01 2.129662544559050e-01
9.724039167914508e-01 2.135686161922487e-01
9.729039167914507e-01 2.135418307292854e-01
9.734039167914507e-01 2.140830185291216e-01
9.739039167914506e-01 2.148251657960980e-01
9.744039167914506e-01 2.152658703297605e-01
9.749039167914505e-01 2.157987092828083e-01
9.754039167914504e-01 2.160419200014556e-01
9.759039167914504e-01 2.168970520452916e-01
9.764039167914503e-01 2.172577918744884e-01
9.769039167914503e-01 2.178972490937152e-01
9.774039167914502e-01 2.184308442255704e-01
9.779039167914502e-01 2.189869881552120e-01
9.784039167914501e-01 2.200254952365982e-01
9.789039167914501e-01 2.205078179998344e-01
9.794039167914500e-01 2.211050137560508e-01
9.799039167914499e-01 2.220611225296878e-01
9.804039167914499e-01 2.229036530260126e-01
9.809039167914498e-01 2.237302944153547e-01
9.814039167914498e-01 2.244482398369332e-01
9.819039167914497e-01 2.252400045018385e-01
9.824039167914497e-01 2.259393301999532e-01
9.829039167914496e-01 2.271550120829915e-01
9.834039167914496e-01 2.281058056448880e-01
9.839039167914495e-01 2.292822348407954e-01
9.844039167914495e-01 2.302582118538462e-01
9.849039167914494e-01 2.317945727462195e-01
9.854039167914493e-01 2.327945950738265e-01
9.859039167914493e-01 2.344637920828418e-01
9.864039167914492e-01 2.355942609828509e-01
9.869039167914492e-01 2.374631723068582e-01
9.874039167914491e-01 2.390091378325929e-01
9.879039167914491e-01 2.406542630947445e-01
9.884039167914490e-01 2.429390502715027e-01
9.889039167914490e-01 2.450059221304637e-01
9.894039167914489e-01 2.474182547310234e-01
9.899039167914488e-01 2.497244753179097e-01
9.904039167914488e-01 2.524735517769843e-01
9.909039167914487e-01 2.553635086887896e-01
9.914039167914487e-01 2.588652642577163e-01
9.919039167914486e-01 2.629484299986871e-01
9.924039167914486e-01 2.671191612739535e-01
9.929039167914485e-01 2.720097309341631e-01
9.934039167914485e-01 2.777790052675980e-01
9.939039167914484e-01 2.839743619971518e-01
9.944039167914484e-01 2.912995629380487e-01
9.949039167914483e-01 3.002347878373920e-01
9.954039167914482e-01 3.107787154255793e-01
9.959039167914482e-01 3.239513605102116e-01
9.964039167914481e-01 3.392367566718698e-01
9.969039167914481e-01 3.591174527750545e-01
9.974039167914480e-01 3.836220671079131e-01
9.979039167914480e-01 4.152617713702125e-01
9.984039167914479e-01 4.568656890506492e-01
9.989039167914479e-01 5.122305838166880e-01
9.994039167914478e-01 5.866242144532413e-01
9.999039167914477e-01 6.885488645576879e-01
