1000
1024
7.888999834030227e-04 1.004393118238113e-01
1.765462483403023e-03 1.007911784159568e-01
2.742024983403023e-03 1.001736603685237e-01
3.718587483403023e-03 1.009939387657855e-01
4.695149983403023e-03 1.011036070068763e-01
5.671712483403023e-03 1.011444367306115e-01
6.648274983403023e-03 1.009172022717294e-01
7.624837483403023e-03 1.007849224413707e-01
8.601399983403023e-03 1.005425242289610e-01
9.577962483403023e-03 1.008712146363486e-01
1.055452498340302e-02 1.006588353025842e-01
1.153108748340302e-02 1.009634872277852e-01
1.250764998340302e-02 1.012117277518248e-01
1.348421248340302e-02 1.014224869339927e-01
1.446077498340302e-02 1.009077986202472e-01
1.543733748340302e-02 1.015321766481930e-01
1.641389998340302e-02 1.014855298361323e-01
1.739046248340302e-02 1.009088470487079e-01
1.836702498340302e-02 1.009617897979479e-01
1.934358748340302e-02 1.018315871724185e-01
2.032014998340302e-02 1.017743984182446e-01
2.129671248340302e-02 1.018060467900405e-01
2.227327498340302e-02 1.020469868419804e-01
2.324983748340302e-02 1.018251845335607e-01
2.422639998340302e-02 1.017165527396667e-01
2.520296248340302e-02 1.021977773887687e-01
2.617952498340302e-02 1.017599834619254e-01
2.715608748340302e-02 1.015565224538556e-01
2.813264998340302e-02 1.016907299465838e-01
2.910921248340302e-02 1.020987309604087e-01
3.008577498340302e-02 1.024972523116111e-01
3.106233748340302e-02 1.022423323835493e-01
3.203889998340302e-02 1.019766107051309e-01
3.301546248340302e-02 1.017085375761309e-01
3.399202498340302e-02 1.022247698891121e-01
3.496858748340302e-02 1.020195404937122e-01
3.594514998340302e-02 1.027196337536038e-01
3.692171248340302e-02 1.019827933173795e-01
3.789827498340302e-02 1.025725207705945e-01
3.887483748340302e-02 1.020042773877870e-01
3.985139998340302e-02 1.025232637425033e-01
4.082796248340302e-02 1.028511354818455e-01
4.180452498340302e-02 1.025380173028111e-01
4.278108748340302e-02 1.022791045405514e-01
4.375764998340302e-02 1.027681078243989e-01
4.473421248340302e-02 1.028671856196391e-01
4.571077498340302e-02 1.031829220184728e-01
4.668733748340302e-02 1.025989363914606e-01
4.766389998340302e-02 1.030480634908451e-01
4.864046248340302e-02 1.033668613407371e-01
4.961702498340302e-02 1.026261783213519e-01
5.059358748340302e-02 1.029681333528958e-01
5.157014998340302e-02 1.032685451348646e-01
5.254671248340302e-02 1.027187165208942e-01
5.352327498340302e-02 1.027887323125019e-01
5.449983748340302e-02 1.029303240039044e-01
5.547639998340302e-02 1.037880427977914e-01
5.645296248340302e-02 1.033699733957971e-01
5.742952498340302e-02 1.032577612071167e-01
5.840608748340302e-02 1.032227304356531e-01
5.938264998340302e-02 1.031622157241832e-01
6.035921248340302e-02 1.033980267156807e-01
6.133577498340302e-02 1.040340884188331e-01
6.231233748340302e-02 1.036572499215846e-01
6.328889998340302e-02 1.035743335877810e-01
6.426546248340302e-02 1.036993587350570e-01
6.524202498340302e-02 1.040430947222149e-01
6.621858748340302e-02 1.036328981928253e-01
6.719514998340302e-02 1.039467820330932e-01
6.817171248340302e-02 1.038527671035488e-01
6.914827498340302e-02 1.037999212419435e-01
7.012483748340302e-02 1.045817703243196e-01
7.110139998340302e-02 1.037879907757962e-01
7.207796248340302e-02 1.043474625502580e-01
7.305452498340302e-02 1.038426567728627e-01
7.403108748340302e-02 1.044632104186767e-01
7.500764998340302e-02 1.040939118200384e-01
7.598421248340302e-02 1.048300661141240e-01
7.696077498340302e-02 1.048152420612040e-01
7.793733748340302e-02 1.048436251626045e-01
7.891389998340302e-02 1.048705159957296e-01
7.989046248340302e-02 1.050400191174639e-01
8.086702498340302e-02 1.043821888632902e-01
8.184358748340302e-02 1.046578319279774e-01
8.282014998340302e-02 1.052023556370115e-01
8.379671248340302e-02 1.045627740417276e-01
8.477327498340302e-02 1.049281877466344e-01
8.574983748340302e-02 1.053019926947991e-01
8.672639998340302e-02 1.051689750539057e-01
8.770296248340302e-02 1.053701932526494e-01
8.867952498340302e-02 1.046803673505398e-01
8.965608748340302e-02 1.054113055749457e-01
9.063264998340302e-02 1.048196259092625e-01
9.160921248340302e-02 1.056902233373264e-01
9.258577498340302e-02 1.050155050862711e-01
9.356233748340302e-02 1.052651614186154e-01
9.453889998340302e-02 1.052318565472881e-01
9.551546248340302e-02 1.058250169731389e-01
9.649202498340302e-02 1.056120020142600e-01
9.746858748340302e-02 1.058400511816040e-01
9.844514998340302e-02 1.053100492500054e-01
9.942171248340302e-02 1.059681107885772e-01
1.003982749834030e-01 1.059487510946710e-01
1.013748374834030e-01 1.055487812825036e-01
1.023513999834030e-01 1.057369457836931e-01
1.033279624834030e-01 1.061364809355483e-01
1.043045249834030e-01 1.063041472369630e-01
1.052810874834030e-01 1.060700398635896e-01
1.062576499834030e-01 1.061761377009662e-01
1.072342124834030e-01 1.062758949186657e-01
1.082107749834030e-01 1.060170296052501e-01
1.091873374834030e-01 1.060968211336903e-01
1.101638999834030e-01 1.063128281407366e-01
1.111404624834030e-01 1.063193854609895e-01
1.121170249834030e-01 1.066214540711884e-01
1.130935874834030e-01 1.063519998437401e-01
1.140701499834030e-01 1.066420590741034e-01
1.150467124834030e-01 1.062794432524002e-01
1.160232749834030e-01 1.063302016041484e-01
1.169998374834030e-01 1.064335940014295e-01
1.179763999834030e-01 1.071950527708943e-01
1.189529624834030e-01 1.065022221065717e-01
1.199295249834030e-01 1.072827325162613e-01
1.209060874834030e-01 1.073986342186161e-01
1.218826499834030e-01 1.065459037980900e-01
1.228592124834030e-01 1.075742663991899e-01
1.238357749834030e-01 1.069092124083684e-01
1.248123374834030e-01 1.069456325330909e-01
1.257888999834030e-01 1.075364283235940e-01
1.267654624834030e-01 1.075806993931930e-01
1.277420249834030e-01 1.077908883661462e-01
1.287185874834030e-01 1.077973439736163e-01
1.296951499834030e-01 1.074687178043749e-01
1.306717124834030e-01 1.076050926866253e-01
1.316482749834030e-01 1.071570658721357e-01
1.326248374834030e-01 1.079385957870240e-01
1.336013999834030e-01 1.074433140014151e-01
1.345779624834030e-01 1.080848281717406e-01
1.355545249834030e-01 1.076009418048788e-01
1.365310874834030e-01 1.081335152613913e-01
1.375076499834030e-01 1.078433602715187e-01
1.384842124834030e-01 1.080222483365457e-01
1.394607749834030e-01 1.076030690924564e-01
1.404373374834030e-01 1.084504428125746e-01
1.414138999834030e-01 1.085807882343592e-01
1.423904624834030e-01 1.084085183746236e-01
1.433670249834030e-01 1.079546567829748e-01
1.443435874834030e-01 1.083197833959934e-01
1.453201499834030e-01 1.087061226236081e-01
1.462967124834030e-01 1.082476221428124e-01
1.472732749834030e-01 1.086606841652854e-01
1.482498374834030e-01 1.087764028299520e-01
1.492263999834030e-01 1.085460574099625e-01
1.502029624834030e-01 1.087074305267056e-01
1.511795249834030e-01 1.088833539389951e-01
1.521560874834030e-01 1.087210834072708e-01
1.531326499834030e-01 1.088784390968599e-01
1.541092124834030e-01 1.093099930558778e-01
1.550857749834030e-01 1.091282041521279e-01
1.560623374834030e-01 1.088437940003949e-01
1.570388999834030e-01 1.092635591652000e-01
1.580154624834030e-01 1.092358385364687e-01
1.589920249834030e-01 1.089017023614254e-01
1.599685874834030e-01 1.089365986925951e-01
1.609451499834030e-01 1.089889491475675e-01
1.619217124834030e-01 1.091269836250234e-01
1.628982749834030e-01 1.098869835017017e-01
1.638748374834030e-01 1.093875643645483e-01
1.648513999834030e-01 1.091340011667682e-01
1.658279624834030e-01 1.093535036912047e-01
1.668045249834030e-01 1.093299852829965e-01
1.677810874834030e-01 1.097060950243524e-01
1.687576499834030e-01 1.100476890952027e-01
1.697342124834030e-01 1.095481328745123e-01
1.707107749834030e-01 1.097381331154217e-01
1.716873374834030e-01 1.101530896326929e-01
1.726638999834030e-01 1.104007807187866e-01
1.736404624834030e-01 1.100798115719860e-01
1.746170249834030e-01 1.098261618398416e-01
1.755935874834030e-01 1.104029591220761e-01
1.765701499834030e-01 1.105427561883324e-01
1.775467124834030e-01 1.106448097942395e-01
1.785232749834030e-01 1.103033415718750e-01
1.794998374834030e-01 1.101553084613133e-01
1.804763999834030e-01 1.103611872334269e-01
1.814529624834030e-01 1.101380311736289e-01
1.824295249834030e-01 1.107466153776197e-01
1.834060874834030e-01 1.110521116733571e-01
1.843826499834030e-01 1.112027077899740e-01
1.853592124834030e-01 1.105950750836036e-01
1.863357749834030e-01 1.105582318911889e-01
1.873123374834030e-01 1.110705998989714e-01
1.882888999834030e-01 1.113537517462573e-01
1.892654624834030e-01 1.109246509093017e-01
1.902420249834030e-01 1.114137295182525e-01
1.912185874834030e-01 1.107144192229537e-01
1.921951499834030e-01 1.113416007910364e-01
1.931717124834030e-01 1.115557376195549e-01
1.941482749834030e-01 1.112751268374849e-01
1.951248374834030e-01 1.115902365557741e-01
1.961013999834030e-01 1.109887398446292e-01
1.970779624834030e-01 1.116025345709448e-01
1.980545249834030e-01 1.112584878158514e-01
1.990310874834030e-01 1.119163787212930e-01
2.000076499834030e-01 1.119717829219474e-01
2.009842124834030e-01 1.117588366406423e-01
2.019607749834030e-01 1.117961562241972e-01
2.029373374834030e-01 1.120402204891456e-01
2.039138999834030e-01 1.124237707452751e-01
2.048904624834030e-01 1.121482778749116e-01
2.058670249834030e-01 1.119333481810921e-01
2.068435874834030e-01 1.123974006333983e-01
2.078201499834030e-01 1.121646002564851e-01
2.087967124834030e-01 1.125253373732622e-01
2.097732749834030e-01 1.127818627795465e-01
2.107498374834030e-01 1.126953806581191e-01
2.117263999834030e-01 1.127733345038299e-01
2.127029624834030e-01 1.126021875939951e-01
2.136795249834030e-01 1.127614408262432e-01
2.146560874834030e-01 1.129301628102612e-01
2.156326499834030e-01 1.130680505640179e-01
2.166092124834030e-01 1.131304982076906e-01
2.175857749834030e-01 1.127749959216261e-01
2.185623374834030e-01 1.131359382486030e-01
2.195388999834030e-01 1.127091201689123e-01
2.205154624834030e-01 1.127824638775360e-01
2.214920249834030e-01 1.133603579503917e-01
2.224685874834030e-01 1.135003530184132e-01
2.234451499834030e-01 1.127508345563642e-01
2.244217124834030e-01 1.129876131538536e-01
2.253982749834030e-01 1.133821449344631e-01
2.263748374834030e-01 1.129470508259402e-01
2.273513999834030e-01 1.137369141659122e-01
2.283279624834030e-01 1.137266205412897e-01
2.293045249834030e-01 1.138885699036716e-01
2.302810874834030e-01 1.136963586047044e-01
2.312576499834030e-01 1.134121333372676e-01
2.322342124834030e-01 1.135503477794432e-01
2.332107749834030e-01 1.135410769801439e-01
2.341873374834030e-01 1.135792088206537e-01
2.351638999834030e-01 1.143572302428830e-01
2.361404624834030e-01 1.140716974768020e-01
2.371170249834030e-01 1.145124797528161e-01
2.380935874834030e-01 1.140196664158197e-01
2.390701499834030e-01 1.140333288985386e-01
2.400467124834030e-01 1.146690246035543e-01
2.410232749834030e-01 1.140280469377803e-01
2.419998374834030e-01 1.140579107059054e-01
2.429763999834030e-01 1.144606364655433e-01
2.439529624834030e-01 1.148935808972795e-01
2.449295249834030e-01 1.150302022925882e-01
2.459060874834030e-01 1.145322181029304e-01
2.468826499834030e-01 1.149655040064547e-01
2.478592124834030e-01 1.146844458493269e-01
2.488357749834030e-01 1.144851555016358e-01
2.498123374834030e-01 1.154058659969000e-01
2.507888999834030e-01 1.151357602510305e-01
2.517654624834030e-01 1.154519010844783e-01
2.527420249834030e-01 1.154735095353675e-01
2.537185874834030e-01 1.153678413695421e-01
2.546951499834030e-01 1.148815198687274e-01
2.556717124834030e-01 1.152349095691547e-01
2.566482749834030e-01 1.156078870372529e-01
2.576248374834030e-01 1.158485337639768e-01
2.586013999834030e-01 1.151520997446536e-01
2.595779624834030e-01 1.156239863700778e-01
2.605545249834030e-01 1.156093088543790e-01
2.615310874834030e-01 1.155420262560519e-01
2.625076499834030e-01 1.160888685157482e-01
2.634842124834030e-01 1.160015882656783e-01
2.644607749834030e-01 1.159090323171833e-01
2.654373374834030e-01 1.161938549217781e-01
2.664138999834030e-01 1.157574898120777e-01
2.673904624834030e-01 1.160420903985604e-01
2.683670249834030e-01 1.157704001469370e-01
2.693435874834030e-01 1.162604865901441e-01
2.703201499834030e-01 1.161403729098590e-01
2.712967124834030e-01 1.161403458465247e-01
2.722732749834030e-01 1.165963001056946e-01
2.732498374834030e-01 1.168148417924223e-01
2.742263999834030e-01 1.162070516958789e-01
2.752029624834030e-01 1.167354076786112e-01
2.761795249834030e-01 1.163916706641211e-01
2.771560874834030e-01 1.171293594854536e-01
2.781326499834030e-01 1.173122127157833e-01
2.791092124834030e-01 1.167046655141716e-01
2.800857749834030e-01 1.173219071113872e-01
2.810623374834030e-01 1.171699838617255e-01
2.820388999834030e-01 1.168138311081861e-01
2.830154624834030e-01 1.173878589836966e-01
2.839920249834030e-01 1.170653694702497e-01
2.849685874834030e-01 1.171344835572429e-01
2.859451499834030e-01 1.170202882745034e-01
2.869217124834030e-01 1.170056495343928e-01
2.878982749834030e-01 1.172502071776505e-01
2.888748374834030e-01 1.173508605917224e-01
2.898513999834030e-01 1.177427519394100e-01
2.908279624834030e-01 1.179071986375833e-01
2.918045249834030e-01 1.178750589919896e-01
2.927810874834030e-01 1.177716424655131e-01
2.937576499834030e-01 1.177831439676505e-01
2.947342124834030e-01 1.175927059746182e-01
2.957107749834030e-01 1.177082920586522e-01
2.966873374834030e-01 1.181940932206830e-01
2.976638999834030e-01 1.182222802053844e-01
2.986404624834030e-01 1.180001224082967e-01
2.996170249834030e-01 1.179333157204930e-01
3.005935874834030e-01 1.187517414251406e-01
3.015701499834030e-01 1.184632680146490e-01
3.025467124834030e-01 1.187860484416773e-01
3.035232749834030e-01 1.187800074496308e-01
3.044998374834030e-01 1.187937816766969e-01
3.054763999834030e-01 1.186017517911083e-01
3.064529624834030e-01 1.191618533164920e-01
3.074295249834030e-01 1.188699915749422e-01
3.084060874834030e-01 1.187939731646918e-01
3.093826499834030e-01 1.186796061193933e-01
3.103592124834030e-01 1.189379848465606e-01
3.113357749834030e-01 1.196195246497817e-01
3.123123374834030e-01 1.190818437586327e-01
3.132888999834030e-01 1.188704465633381e-01
3.142654624834030e-01 1.191621752033975e-01
3.152420249834030e-01 1.196027687467395e-01
3.162185874834030e-01 1.192096934642289e-01
3.171951499834030e-01 1.194192197576657e-01
3.181717124834030e-01 1.200367263852367e-01
3.191482749834030e-01 1.196765788543493e-01
3.201248374834030e-01 1.202101895782775e-01
3.211013999834030e-01 1.199476920798696e-01
3.220779624834030e-01 1.194874350214633e-01
3.230545249834030e-01 1.198495776252412e-01
3.240310874834030e-01 1.205070106709610e-01
3.250076499834030e-01 1.197881001437004e-01
3.259842124834030e-01 1.201975311839664e-01
3.269607749834030e-01 1.202958229180985e-01
3.279373374834030e-01 1.205131994210603e-01
3.289138999834030e-01 1.206319275736701e-01
3.298904624834030e-01 1.205947847376676e-01
3.308670249834030e-01 1.205853136150667e-01
3.318435874834030e-01 1.203467744220755e-01
3.328201499834030e-01 1.205635348169891e-01
3.337967124834030e-01 1.204790620873069e-01
3.347732749834030e-01 1.211618154304167e-01
3.357498374834030e-01 1.211174180121988e-01
3.367263999834030e-01 1.205472724863142e-01
3.377029624834030e-01 1.208688682134100e-01
3.386795249834030e-01 1.206790722973944e-01
3.396560874834030e-01 1.209016577662762e-01
3.406326499834030e-01 1.214120832252633e-01
3.416092124834030e-01 1.218341934229782e-01
3.425857749834030e-01 1.214493794535703e-01
3.435623374834030e-01 1.216786041517477e-01
3.445388999834030e-01 1.213459917421606e-01
3.455154624834030e-01 1.213317972247574e-01
3.464920249834030e-01 1.220744495420491e-01
3.474685874834030e-01 1.218812181542146e-01
3.484451499834030e-01 1.214377366567281e-01
3.494217124834030e-01 1.217499243336331e-01
3.503982749834030e-01 1.220199003938399e-01
3.513748374834030e-01 1.222199942897296e-01
3.523513999834030e-01 1.220013488003408e-01
3.533279624834030e-01 1.225628046902937e-01
3.543045249834030e-01 1.223730195243042e-01
3.552810874834030e-01 1.223411893985665e-01
3.562576499834030e-01 1.222645900493311e-01
3.572342124834030e-01 1.221020854996367e-01
3.582107749834030e-01 1.222165332512100e-01
3.591873374834030e-01 1.231640382502716e-01
3.601638999834030e-01 1.228931167116054e-01
3.611404624834030e-01 1.229267311679903e-01
3.621170249834030e-01 1.225876841103783e-01
3.630935874834030e-01 1.234385467398542e-01
3.640701499834030e-01 1.233160612041825e-01
3.650467124834030e-01 1.235880515186665e-01
3.660232749834030e-01 1.233461493762557e-01
3.669998374834030e-01 1.235581869061063e-01
3.679763999834030e-01 1.231032273063673e-01
3.689529624834030e-01 1.235760192023843e-01
3.699295249834030e-01 1.239384800724541e-01
3.709060874834030e-01 1.239216940459847e-01
3.718826499834030e-01 1.237676918179085e-01
3.728592124834030e-01 1.236729067856404e-01
3.738357749834030e-01 1.238128232345373e-01
3.748123374834030e-01 1.242301584062388e-01
3.757888999834030e-01 1.240484755182510e-01
3.767654624834030e-01 1.238816876189411e-01
3.777420249834030e-01 1.240329062309802e-01
3.787185874834030e-01 1.243113279867342e-01
3.796951499834030e-01 1.243836600369830e-01
3.806717124834030e-01 1.247316954306590e-01
3.816482749834030e-01 1.241603975715671e-01
3.826248374834030e-01 1.249173037061958e-01
3.836013999834030e-01 1.247767974646507e-01
3.845779624834030e-01 1.249187496314299e-01
3.855545249834030e-01 1.245936433646165e-01
3.865310874834030e-01 1.252793878453861e-01
3.875076499834030e-01 1.251850301955122e-01
3.884842124834030e-01 1.249004733884547e-01
3.894607749834030e-01 1.254831688646709e-01
3.904373374834030e-01 1.250438047727325e-01
3.914138999834030e-01 1.256952464321168e-01
3.923904624834030e-01 1.248880600836907e-01
3.933670249834030e-01 1.252251923891502e-01
3.943435874834030e-01 1.256796881253543e-01
3.953201499834030e-01 1.250699373579378e-01
3.962967124834030e-01 1.260670807508565e-01
3.972732749834030e-01 1.256823075170031e-01
3.982498374834030e-01 1.255193207296065e-01
3.992263999834030e-01 1.259377594831563e-01
4.002029624834030e-01 1.258404177765910e-01
4.011795249834030e-01 1.255855201178527e-01
4.021560874834030e-01 1.257747361014941e-01
4.031326499834030e-01 1.264838554288228e-01
4.041092124834030e-01 1.262934616965479e-01
4.050857749834030e-01 1.258479415427236e-01
4.060623374834030e-01 1.262997726914775e-01
4.070388999834030e-01 1.268434515880073e-01
4.080154624834030e-01 1.264733511947860e-01
4.089920249834030e-01 1.261511456684934e-01
4.099685874834030e-01 1.266911634060038e-01
4.109451499834030e-01 1.265930077180515e-01
4.119217124834030e-01 1.265998784628798e-01
4.128982749834030e-01 1.268439535823089e-01
4.138748374834030e-01 1.275054698145138e-01
4.148513999834030e-01 1.275778100988993e-01
4.158279624834030e-01 1.274201978313567e-01
4.168045249834030e-01 1.277142162260919e-01
4.177810874834030e-01 1.276154201398200e-01
4.187576499834030e-01 1.270963732353798e-01
4.197342124834030e-01 1.278961099606867e-01
4.207107749834030e-01 1.272808731135878e-01
4.216873374834030e-01 1.273360914682624e-01
4.226638999834030e-01 1.282279280051108e-01
4.236404624834030e-01 1.278724469732262e-01
4.246170249834030e-01 1.283046842138532e-01
4.255935874834030e-01 1.275326300616130e-01
4.265701499834030e-01 1.280966142192442e-01
4.275467124834030e-01 1.280662990271266e-01
4.285232749834030e-01 1.280299401809042e-01
4.294998374834030e-01 1.279578187621434e-01
4.304763999834030e-01 1.287286408983182e-01
4.314529624834030e-01 1.283591990758889e-01
4.324295249834030e-01 1.283980062558382e-01
4.334060874834030e-01 1.288229955487966e-01
4.343826499834030e-01 1.291612303217632e-01
4.353592124834030e-01 1.286759224550370e-01
4.363357749834030e-01 1.284974825638828e-01
4.373123374834030e-01 1.293005952420651e-01
4.382888999834030e-01 1.293428451108878e-01
4.392654624834030e-01 1.287631917200602e-01
4.402420249834030e-01 1.290506478390342e-01
4.412185874834030e-01 1.289155261774317e-01
4.421951499834030e-01 1.292399859200096e-01
4.431717124834030e-01 1.296920925513320e-01
4.441482749834030e-01 1.291623952953386e-01
4.451248374834030e-01 1.294795610506321e-01
4.461013999834030e-01 1.296943159704028e-01
4.470779624834030e-01 1.293787922651849e-01
4.480545249834030e-01 1.295172114623349e-01
4.490310874834030e-01 1.301094256477459e-01
4.500076499834030e-01 1.305134762507371e-01
4.509842124834030e-01 1.299563898642881e-01
4.519607749834030e-01 1.305234471181531e-01
4.529373374834030e-01 1.307622896886314e-01
4.539138999834030e-01 1.307456956862719e-01
4.548904624834030e-01 1.306877313451645e-01
4.558670249834030e-01 1.300737159430264e-01
4.568435874834030e-01 1.305401945563663e-01
4.578201499834030e-01 1.303708955238429e-01
4.587967124834030e-01 1.306159560812404e-01
4.597732749834030e-01 1.309290771472862e-01
4.607498374834030e-01 1.314492554492641e-01
4.617263999834030e-01 1.312434204692427e-01
4.627029624834030e-01 1.315137858458815e-01
4.636795249834030e-01 1.314007186747079e-01
4.646560874834030e-01 1.314513365633355e-01
4.656326499834030e-01 1.311545022856493e-01
4.666092124834030e-01 1.317575558082907e-01
4.675857749834030e-01 1.315526115866764e-01
4.685623374834030e-01 1.312158042704910e-01
4.695388999834030e-01 1.321334331292145e-01
4.705154624834030e-01 1.321335001371994e-01
4.714920249834030e-01 1.315790149064058e-01
4.724685874834030e-01 1.317618731400683e-01
4.734451499834030e-01 1.321312670474414e-01
4.744217124834030e-01 1.319407552110955e-01
4.753982749834030e-01 1.323577749804136e-01
4.763748374834030e-01 1.318822444635268e-01
4.773513999834030e-01 1.322695417000889e-01
4.783279624834030e-01 1.327416378096998e-01
4.793045249834030e-01 1.327748652305511e-01
4.802810874834030e-01 1.325060806720814e-01
4.812576499834030e-01 1.323374065909062e-01
4.822342124834030e-01 1.328538932930201e-01
4.832107749834030e-01 1.327400389053134e-01
4.841873374834030e-01 1.334473062319224e-01
4.851638999834030e-01 1.328451240502674e-01
4.861404624834030e-01 1.330095595026471e-01
4.871170249834030e-01 1.331223702032012e-01
4.880935874834030e-01 1.332429630041209e-01
4.890701499834030e-01 1.335678545153916e-01
4.900467124834030e-01 1.339090655025703e-01
4.910232749834030e-01 1.334884367763274e-01
4.919998374834030e-01 1.335225391584136e-01
4.929763999834030e-01 1.340490442835086e-01
4.939529624834030e-01 1.344067222844876e-01
4.949295249834030e-01 1.344061363181470e-01
4.959060874834030e-01 1.345503830189579e-01
4.968826499834030e-01 1.344490097112657e-01
4.978592124834030e-01 1.341578187305736e-01
4.988357749834030e-01 1.348560410850555e-01
4.998123374834030e-01 1.346098355882739e-01
5.007888999834030e-01 1.342326937723557e-01
5.017654624834030e-01 1.342902934749562e-01
5.027420249834030e-01 1.351172514329147e-01
5.037185874834030e-01 1.350231261033451e-01
5.046951499834030e-01 1.348037161228924e-01
5.056717124834030e-01 1.349845127921497e-01
5.066482749834030e-01 1.353046798914055e-01
5.076248374834030e-01 1.353857063081196e-01
5.086013999834030e-01 1.349750541743032e-01
5.095779624834030e-01 1.352413444181773e-01
5.105545249834030e-01 1.359429223474793e-01
5.115310874834030e-01 1.352762472559429e-01
5.125076499834030e-01 1.359715525867032e-01
5.134842124834030e-01 1.354951189775600e-01
5.144607749834030e-01 1.354479932328983e-01
5.154373374834030e-01 1.364298372758440e-01
5.164138999834030e-01 1.360298735873910e-01
5.173904624834030e-01 1.360074687870929e-01
5.183670249834030e-01 1.360451288496039e-01
5.193435874834030e-01 1.358817175635393e-01
5.203201499834030e-01 1.361120595117561e-01
5.212967124834030e-01 1.366170636751542e-01
5.222732749834030e-01 1.363990393574943e-01
5.232498374834030e-01 1.370670449697940e-01
5.242263999834030e-01 1.368641968171123e-01
5.252029624834030e-01 1.365564920518139e-01
5.261795249834030e-01 1.372795229067075e-01
5.271560874834030e-01 1.368859527003878e-01
5.281326499834030e-01 1.371741431072279e-01
5.291092124834030e-01 1.375292295520201e-01
5.300857749834030e-01 1.377762838525769e-01
5.310623374834030e-01 1.375974713965204e-01
5.320388999834030e-01 1.379201676278835e-01
5.330154624834030e-01 1.379274982806268e-01
5.339920249834030e-01 1.375643118787840e-01
5.349685874834030e-01 1.375772196795818e-01
5.359451499834030e-01 1.376748383936384e-01
5.369217124834030e-01 1.375411799985718e-01
5.378982749834030e-01 1.385209068127710e-01
5.388748374834030e-01 1.381169723488707e-01
5.398513999834030e-01 1.381585716840113e-01
5.408279624834030e-01 1.387721496119040e-01
5.418045249834030e-01 1.385868061073250e-01
5.427810874834030e-01 1.382557193543104e-01
5.437576499834030e-01 1.383013019498437e-01
5.447342124834030e-01 1.389537003357109e-01
5.457107749834030e-01 1.385360667792972e-01
5.466873374834030e-01 1.390662860186633e-01
5.476638999834030e-01 1.386276207728098e-01
5.486404624834030e-01 1.391319789417305e-01
5.496170249834030e-01 1.394064212057937e-01
5.505935874834030e-01 1.391055970208209e-01
5.515701499834030e-01 1.390457604192045e-01
5.525467124834030e-01 1.399859685368228e-01
5.535232749834030e-01 1.392836788879569e-01
5.544998374834030e-01 1.399045114577291e-01
5.554763999834030e-01 1.394672701795422e-01
5.564529624834030e-01 1.403712544458522e-01
5.574295249834030e-01 1.405050597018433e-01
5.584060874834030e-01 1.402624136955780e-01
5.593826499834030e-01 1.404511883833973e-01
5.603592124834030e-01 1.407381756661860e-01
5.613357749834030e-01 1.402227058158441e-01
5.623123374834030e-01 1.406400258663683e-01
5.632888999834030e-01 1.408400530854394e-01
5.642654624834030e-01 1.408435283992084e-01
5.652420249834030e-01 1.411791847273950e-01
5.662185874834030e-01 1.413821181755142e-01
5.671951499834030e-01 1.411570812737160e-01
5.681717124834030e-01 1.414009063829091e-01
5.691482749834030e-01 1.411047677440914e-01
5.701248374834030e-01 1.418026125847057e-01
5.711013999834030e-01 1.415880301763607e-01
5.720779624834030e-01 1.419875443531902e-01
5.730545249834030e-01 1.412820301400238e-01
5.740310874834030e-01 1.419937390187829e-01
5.750076499834030e-01 1.419730908759544e-01
5.759842124834030e-01 1.417303626142704e-01
5.769607749834030e-01 1.418994400591664e-01
5.779373374834030e-01 1.423202554233238e-01
5.789138999834030e-01 1.424853056115702e-01
5.798904624834030e-01 1.428320992317037e-01
5.808670249834030e-01 1.428552175518273e-01
5.818435874834030e-01 1.428634111068067e-01
5.828201499834030e-01 1.430766827355383e-01
5.837967124834030e-01 1.423001958150070e-01
5.847732749834030e-01 1.428317579564348e-01
5.857498374834030e-01 1.425101755222503e-01
5.867263999834030e-01 1.435164733690810e-01
5.877029624834030e-01 1.431073666375638e-01
5.886795249834030e-01 1.434216390244481e-01
5.896560874834030e-01 1.435419369218801e-01
5.906326499834030e-01 1.433214544525544e-01
5.916092124834030e-01 1.439983051609974e-01
5.925857749834030e-01 1.434606945484631e-01
5.935623374834030e-01 1.433414210792011e-01
5.945388999834030e-01 1.439227762942358e-01
5.955154624834030e-01 1.436216981831596e-01
5.964920249834030e-01 1.445826433826130e-01
5.974685874834030e-01 1.438629680266101e-01
5.984451499834030e-01 1.446826920294416e-01
5.994217124834030e-01 1.442711958266440e-01
6.003982749834030e-01 1.441494698389392e-01
6.013748374834030e-01 1.446545603055654e-01
6.023513999834030e-01 1.445423710504057e-01
6.033279624834030e-01 1.445913295695333e-01
6.043045249834030e-01 1.447310456309192e-01
6.052810874834030e-01 1.454740924925616e-01
6.062576499834030e-01 1.451794865953264e-01
6.072342124834030e-01 1.453872855740939e-01
6.082107749834030e-01 1.454734319376830e-01
6.091873374834030e-01 1.452425635688449e-01
6.101638999834030e-01 1.456956837434851e-01
6.111404624834030e-01 1.457033157697213e-01
6.121170249834030e-01 1.453788475938575e-01
6.130935874834030e-01 1.459432848573086e-01
6.140701499834030e-01 1.460488762683295e-01
6.150467124834030e-01 1.461536919045715e-01
6.160232749834030e-01 1.462941057896828e-01
6.169998374834030e-01 1.463268285034595e-01
6.179763999834030e-01 1.468963322791924e-01
6.189529624834030e-01 1.462715243446177e-01
6.199295249834030e-01 1.463214486822418e-01
6.209060874834030e-01 1.465672086522680e-01
6.218826499834030e-01 1.465158245293537e-01
6.228592124834030e-01 1.469011077973520e-01
6.238357749834030e-01 1.469238347766635e-01
6.248123374834030e-01 1.473498792779314e-01
6.257888999834030e-01 1.473299902649138e-01
6.267654624834030e-01 1.472328376825636e-01
6.277420249834030e-01 1.478113384632969e-01
6.287185874834030e-01 1.475300109654675e-01
6.296951499834030e-01 1.478931550510297e-01
6.306717124834030e-01 1.482449900484448e-01
6.316482749834030e-01 1.483636425299140e-01
6.326248374834030e-01 1.485093156505979e-01
6.336013999834030e-01 1.478280932035873e-01
6.345779624834030e-01 1.479808359940875e-01
6.355545249834030e-01 1.487637573962839e-01
6.365310874834030e-01 1.486585196029450e-01
6.375076499834030e-01 1.489129155089027e-01
6.384842124834030e-01 1.486991004478166e-01
6.394607749834030e-01 1.492330614467402e-01
6.404373374834030e-01 1.488573441197000e-01
6.414138999834030e-01 1.495208765525808e-01
6.423904624834030e-01 1.496233456563609e-01
6.433670249834030e-01 1.497048646225853e-01
6.443435874834030e-01 1.493900471772205e-01
6.453201499834030e-01 1.494897747391429e-01
6.462967124834030e-01 1.496039714471767e-01
6.472732749834030e-01 1.501905235308893e-01
6.482498374834030e-01 1.497750965591161e-01
6.492263999834030e-01 1.501327713151917e-01
6.502029624834030e-01 1.496842274207596e-01
6.511795249834030e-01 1.503824832144660e-01
6.521560874834030e-01 1.505799516575442e-01
6.531326499834030e-01 1.504076857555157e-01
6.541092124834030e-01 1.510194795641990e-01
6.550857749834030e-01 1.505570567489511e-01
6.560623374834030e-01 1.512319061692059e-01
6.570388999834030e-01 1.506602412093392e-01
6.580154624834030e-01 1.506663893500554e-01
6.589920249834030e-01 1.509497946863565e-01
6.599685874834030e-01 1.516075323387605e-01
6.609451499834030e-01 1.518550234857349e-01
6.619217124834030e-01 1.511698381588595e-01
6.628982749834030e-01 1.518623789977692e-01
6.638748374834030e-01 1.513175878306975e-01
6.648513999834030e-01 1.516504573487798e-01
6.658279624834030e-01 1.520379154123673e-01
6.668045249834030e-01 1.522528153911292e-01
6.677810874834030e-01 1.527282547086095e-01
6.687576499834030e-01 1.527898783970792e-01
6.697342124834030e-01 1.524499636844335e-01
6.707107749834030e-01 1.524372779368244e-01
6.716873374834030e-01 1.530498310951716e-01
6.726638999834030e-01 1.526995866175201e-01
6.736404624834030e-01 1.526554243748241e-01
6.746170249834030e-01 1.528399673439927e-01
6.755935874834030e-01 1.534526222068669e-01
6.765701499834030e-01 1.534090672734467e-01
6.775467124834030e-01 1.530898110452248e-01
6.785232749834030e-01 1.531730500644589e-01
6.794998374834030e-01 1.533729802102987e-01
6.804763999834030e-01 1.534673513863359e-01
6.814529624834030e-01 1.541342527485115e-01
6.824295249834030e-01 1.544168549095047e-01
6.834060874834030e-01 1.542239600438322e-01
6.843826499834030e-01 1.544108881235284e-01
6.853592124834030e-01 1.541156576830815e-01
6.863357749834030e-01 1.544819965062849e-01
6.873123374834030e-01 1.549579996949955e-01
6.882888999834030e-01 1.545528875031241e-01
6.892654624834030e-01 1.550863935441210e-01
6.902420249834030e-01 1.551271247686189e-01
6.912185874834030e-01 1.548528468330653e-01
6.921951499834030e-01 1.555608626004881e-01
6.931717124834030e-01 1.552004933702883e-01
6.941482749834030e-01 1.552406958368978e-01
6.951248374834030e-01 1.561640772515952e-01
6.961013999834030e-01 1.560734484703645e-01
6.970779624834030e-01 1.562106187453123e-01
6.980545249834030e-01 1.565147294332412e-01
6.990310874834030e-01 1.563673605996544e-01
7.000076499834030e-01 1.560460353942673e-01
7.009842124834030e-01 1.562186617039597e-01
7.019607749834030e-01 1.565648286927583e-01
7.029373374834030e-01 1.567505846200870e-01
7.039138999834030e-01 1.567595913876035e-01
7.048904624834030e-01 1.571706227748772e-01
7.058670249834030e-01 1.568725703542627e-01
7.068435874834030e-01 1.576944609640638e-01
7.078201499834030e-01 1.576658885010949e-01
7.087967124834030e-01 1.573305026915636e-01
7.097732749834030e-01 1.572549628575467e-01
7.107498374834030e-01 1.581762993974681e-01
7.117263999834030e-01 1.574100002816158e-01
7.127029624834030e-01 1.584721445292843e-01
7.136795249834030e-01 1.581023137869797e-01
7.146560874834030e-01 1.583775650668019e-01
7.156326499834030e-01 1.580457449811498e-01
7.166092124834030e-01 1.588964120149563e-01
7.175857749834030e-01 1.585484673254543e-01
7.185623374834030e-01 1.586652268180465e-01
7.195388999834030e-01 1.589497316186473e-01
7.205154624834030e-01 1.594957388582650e-01
7.214920249834030e-01 1.592146416110273e-01
7.224685874834030e-01 1.591067828694571e-01
7.234451499834030e-01 1.591683650628294e-01
7.244217124834030e-01 1.597797369473742e-01
7.253982749834030e-01 1.594941602450752e-01
7.263748374834030e-01 1.603168972138589e-01
7.273513999834030e-01 1.599638548222778e-01
7.283279624834030e-01 1.598571226035802e-01
7.293045249834030e-01 1.604069793247796e-01
7.302810874834030e-01 1.605834165394539e-01
7.312576499834030e-01 1.605233055928194e-01
7.322342124834030e-01 1.603165133311081e-01
7.332107749834030e-01 1.605522034752117e-01
7.341873374834030e-01 1.613509081683682e-01
7.351638999834030e-01 1.614281419233493e-01
7.361404624834030e-01 1.612385214103859e-01
7.371170249834030e-01 1.617550419774194e-01
7.380935874834030e-01 1.616759358915247e-01
7.390701499834030e-01 1.619994683957518e-01
7.400467124834030e-01 1.613356054929736e-01
7.410232749834030e-01 1.620492961762711e-01
7.419998374834030e-01 1.624542924724971e-01
7.429763999834030e-01 1.617469507053779e-01
7.439529624834030e-01 1.619614878075813e-01
7.449295249834030e-01 1.625121490984013e-01
7.459060874834030e-01 1.623196987818505e-01
7.468826499834030e-01 1.622782235326094e-01
7.478592124834030e-01 1.633271185737571e-01
7.488357749834030e-01 1.631207752469123e-01
7.498123374834030e-01 1.632328825730723e-01
7.507888999834030e-01 1.637200291147387e-01
7.517654624834030e-01 1.631011229838915e-01
7.527420249834030e-01 1.639501948779116e-01
7.537185874834030e-01 1.633903469566779e-01
7.546951499834030e-01 1.642270847469136e-01
7.556717124834030e-01 1.636814493098742e-01
7.566482749834030e-01 1.638114911934289e-01
7.576248374834030e-01 1.641620590081429e-01
7.586013999834030e-01 1.643528444515480e-01
7.595779624834030e-01 1.648990504245183e-01
7.605545249834030e-01 1.643155156640178e-01
7.615310874834030e-01 1.652884892722100e-01
7.625076499834030e-01 1.645167895374268e-01
7.634842124834030e-01 1.650106674471369e-01
7.644607749834030e-01 1.656706527576711e-01
7.654373374834030e-01 1.658173267675842e-01
7.664138999834030e-01 1.659858681141953e-01
7.673904624834030e-01 1.660498003655754e-01
7.683670249834030e-01 1.659810605368799e-01
7.693435874834030e-01 1.663365284384519e-01
7.703201499834030e-01 1.665762545559237e-01
7.712967124834030e-01 1.661074357916465e-01
7.722732749834030e-01 1.667303898628811e-01
7.732498374834030e-01 1.671015219406110e-01
7.742263999834030e-01 1.667091192009116e-01
7.752029624834030e-01 1.667677430041526e-01
7.761795249834030e-01 1.668076860315817e-01
7.771560874834030e-01 1.672113204186773e-01
7.781326499834030e-01 1.672029135140220e-01
7.791092124834030e-01 1.678733975879576e-01
7.800857749834030e-01 1.672725820218816e-01
7.810623374834030e-01 1.676110084329807e-01
7.820388999834030e-01 1.675219528873112e-01
7.830154624834030e-01 1.686058161269193e-01
7.839920249834030e-01 1.682431150690162e-01
7.849685874834030e-01 1.688491919257416e-01
7.859451499834030e-01 1.682689240963017e-01
7.869217124834030e-01 1.688705646205433e-01
7.878982749834030e-01 1.687080523693827e-01
7.888748374834030e-01 1.691522044680610e-01
7.898513999834030e-01 1.691802248565642e-01
7.908279624834030e-01 1.692671391219029e-01
7.918045249834030e-01 1.695637614427419e-01
7.927810874834030e-01 1.696523619753286e-01
7.937576499834030e-01 1.700885276937097e-01
7.947342124834030e-01 1.699236004054231e-01
7.957107749834030e-01 1.700135544143730e-01
7.966873374834030e-01 1.704725906502592e-01
7.976638999834030e-01 1.702255722802757e-01
7.986404624834030e-01 1.710769708855121e-01
7.996170249834030e-01 1.707681774379337e-01
8.005935874834030e-01 1.706137907961688e-01
8.015701499834030e-01 1.708489146159429e-01
8.025467124834030e-01 1.710152552287533e-01
8.035232749834030e-01 1.710838142749567e-01
8.044998374834030e-01 1.717545426654097e-01
8.054763999834030e-01 1.718305806373511e-01
8.064529624834030e-01 1.717897825238781e-01
8.074295249834030e-01 1.717379063505520e-01
8.084060874834030e-01 1.726320446476561e-01
8.093826499834030e-01 1.721347314249016e-01
8.103592124834030e-01 1.723077814629856e-01
8.113357749834030e-01 1.724125762425754e-01
8.123123374834030e-01 1.726511731386258e-01
8.132888999834030e-01 1.727795349314679e-01
8.142654624834030e-01 1.733458072391861e-01
8.152420249834030e-01 1.730611368281704e-01
8.162185874834030e-01 1.734326110182428e-01
8.171951499834030e-01 1.734703755632207e-01
8.181717124834030e-01 1.738457631555786e-01
8.191482749834030e-01 1.745069877516710e-01
8.201248374834030e-01 1.744179585122614e-01
8.211013999834030e-01 1.747250306389856e-01
8.220779624834030e-01 1.745506666409798e-01
8.230545249834030e-01 1.743941676644481e-01
8.240310874834030e-01 1.749809101656124e-01
8.250076499834030e-01 1.754612576920032e-01
8.259842124834030e-01 1.752373573738507e-01
8.269607749834030e-01 1.751487832249228e-01
8.279373374834030e-01 1.762004460394130e-01
8.289138999834030e-01 1.756927110494966e-01
8.298904624834030e-01 1.761127897110809e-01
8.308670249834030e-01 1.758739380875537e-01
8.318435874834030e-01 1.764178714238205e-01
8.328201499834030e-01 1.768438163026541e-01
8.337967124834030e-01 1.765125891656944e-01
8.347732749834030e-01 1.765892898428025e-01
8.357498374834030e-01 1.769294062697551e-01
8.367263999834030e-01 1.773716052705068e-01
8.377029624834030e-01 1.772336156844503e-01
8.386795249834030e-01 1.773280138939938e-01
8.396560874834030e-01 1.780856840854806e-01
8.406326499834030e-01 1.779564781555547e-01
8.416092124834030e-01 1.779909121775025e-01
8.425857749834030e-01 1.788219233475964e-01
8.435623374834030e-01 1.786553219036058e-01
8.445388999834030e-01 1.790897650218099e-01
8.455154624834030e-01 1.794693320703166e-01
8.464920249834030e-01 1.795069159336326e-01
8.474685874834030e-01 1.798113147861161e-01
8.484451499834030e-01 1.794213733498806e-01
8.494217124834030e-01 1.799513185417356e-01
8.503982749834030e-01 1.799972901842621e-01
8.513748374834030e-01 1.797444830994966e-01
8.523513999834030e-01 1.799295815199431e-01
8.533279624834030e-01 1.806245836275164e-01
8.543045249834030e-01 1.807869303161447e-01
8.552810874834030e-01 1.812802263849875e-01
8.562576499834030e-01 1.815786115623453e-01
8.572342124834030e-01 1.814790950717179e-01
8.582107749834030e-01 1.818736242144546e-01
8.591873374834030e-01 1.814898230528035e-01
8.601638999834030e-01 1.816353437559535e-01
8.611404624834030e-01 1.825919460665192e-01
8.621170249834030e-01 1.825758380503712e-01
8.630935874834030e-01 1.829704546039739e-01
8.640701499834030e-01 1.824418029299262e-01
8.650467124834030e-01 1.833008718232270e-01
8.660232749834030e-01 1.828803273810352e-01
8.669998374834030e-01 1.835910867710412e-01
8.679763999834030e-01 1.831556106295737e-01
8.689529624834030e-01 1.836253843057124e-01
8.699295249834030e-01 1.839359518772810e-01
8.709060874834030e-01 1.841658684637550e-01
8.718826499834030e-01 1.844874404218922e-01
8.728592124834030e-01 1.844691413118001e-01
8.738357749834030e-01 1.853250161224592e-01
8.748123374834030e-01 1.849197703583864e-01
8.757888999834030e-01 1.850956362615948e-01
8.767654624834030e-01 1.858029808505429e-01
8.777420249834030e-01 1.855152992803820e-01
8.787185874834030e-01 1.860902223183294e-01
8.796951499834030e-01 1.861626475231595e-01
8.806717124834030e-01 1.867084508173240e-01
8.816482749834030e-01 1.868407610458119e-01
8.826248374834030e-01 1.869077130654714e-01
8.836013999834030e-01 1.869806088516294e-01
8.845779624834030e-01 1.870831333150360e-01
8.855545249834030e-01 1.874504535793577e-01
8.865310874834030e-01 1.876280011061437e-01
8.875076499834030e-01 1.884130220753740e-01
8.884842124834030e-01 1.880029327358240e-01
8.894607749834030e-01 1.885770277182470e-01
8.904373374834030e-01 1.883339442434495e-01
8.914138999834030e-01 1.886825344478581e-01
8.923904624834030e-01 1.890417269315910e-01
8.933670249834030e-01 1.899701444739116e-01
8.943435874834030e-01 1.895895093266436e-01
8.953201499834030e-01 1.896297265458278e-01
8.962967124834030e-01 1.899351974124666e-01
8.972732749834030e-01 1.900619859853357e-01
8.982498374834030e-01 1.904390073304862e-01
8.992263999834030e-01 1.910090096790993e-01
9.002029624834030e-01 1.912401499921493e-01
9.011795249834030e-01 1.916398844988092e-01
9.021560874834030e-01 1.923232535433942e-01
9.031326499834030e-01 1.923268731165897e-01
9.041092124834030e-01 1.923956671106005e-01
9.050857749834030e-01 1.924624912538391e-01
9.060623374834030e-01 1.934061783560195e-01
9.070388999834030e-01 1.929923161036952e-01
9.080154624834030e-01 1.935334893530447e-01
9.089920249834030e-01 1.938598953446833e-01
9.099685874834030e-01 1.942782526823514e-01
9.109451499834030e-01 1.941707551954342e-01
9.119217124834030e-01 1.944103992134163e-01
9.128982749834030e-01 1.946754581374982e-01
9.138748374834030e-01 1.953959724104230e-01
9.148513999834030e-01 1.955154801121463e-01
9.158279624834030e-01 1.959239658170017e-01
9.168045249834030e-01 1.965968826941521e-01
9.177810874834030e-01 1.962984334932320e-01
9.187576499834030e-01 1.970456872662177e-01
9.197342124834030e-01 1.970871222878858e-01
9.207107749834030e-01 1.972918087782697e-01
9.216873374834030e-01 1.981559604565553e-01
9.226638999834030e-01 1.983235265455976e-01
9.236404624834030e-01 1.982456172276139e-01
9.246170249834030e-01 1.984932730334473e-01
9.255935874834030e-01 1.994403277068182e-01
9.265701499834030e-01 1.994291471311111e-01
9.275467124834030e-01 1.995633778189514e-01
9.285232749834030e-01 2.006457480646565e-01
9.294998374834030e-01 2.009613515929805e-01
9.304763999834030e-01 2.010819716939891e-01
9.314529624834030e-01 2.013412104960242e-01
9.324295249834030e-01 2.020923075655585e-01
9.334060874834030e-01 2.019670806821005e-01
9.343826499834030e-01 2.020440375003430e-01
9.353592124834030e-01 2.026092557325313e-01
9.363357749834030e-01 2.031733693353606e-01
9.373123374834030e-01 2.035570206628877e-01
9.382888999834030e-01 2.044057331595119e-01
9.392654624834030e-01 2.050368880155115e-01
9.402420249834030e-01 2.055778355833607e-01
9.412185874834030e-01 2.050797222603531e-01
9.421951499834030e-01 2.056860447940582e-01
9.431717124834030e-01 2.062258616950599e-01
9.441482749834030e-01 2.071569230779313e-01
9.451248374834030e-01 2.076131436243957e-01
9.461013999834030e-01 2.082901384901353e-01
9.470779624834030e-01 2.086445634866591e-01
9.480545249834030e-01 2.095042448703990e-01
9.490310874834030e-01 2.096756454450369e-01
9.500076499834030e-01 2.097936237847560e-01
9.509842124834030e-01 2.105785605348570e-01
9.519607749834030e-01 2.113331900633506e-01
9.529373374834030e-01 2.123129534153975e-01
9.539138999834030e-01 2.127363020788099e-01
9.548904624834030e-01 2.134536763532232e-01
9.558670249834030e-01 2.141179113918053e-01
9.568435874834030e-01 2.142430955635543e-01
9.578201499834030e-01 2.157834885349194e-01
9.587967124834030e-01 2.162651703249710e-01
9.597732749834030e-01 2.173938134661298e-01
9.607498374834030e-01 2.177894937859446e-01
9.617263999834030e-01 2.182419134462789e-01
9.627029624834030e-01 2.198338127566332e-01
9.636795249834030e-01 2.207941069559015e-01
9.646560874834030e-01 2.210384206571321e-01
9.656326499834030e-01 2.229127695802114e-01
9.666092124834030e-01 2.231808888238759e-01
9.675857749834030e-01 2.245096160793794e-01
9.685623374834030e-01 2.259852849256052e-01
9.695388999834030e-01 2.266199370955440e-01
9.705154624834030e-01 2.282326694768765e-01
9.714920249834030e-01 2.299392787461960e-01
9.724685874834030e-01 2.309442771548762e-01
9.734451499834030e-01 2.328749034816409e-01
9.744217124834030e-01 2.343311830975690e-01
9.753982749834030e-01 2.365849167533603e-01
9.763748374834030e-01 2.380572006104101e-01
9.773513999834030e-01 2.407164722529038e-01
9.783279624834030e-01 2.427629017296234e-01
9.793045249834030e-01 2.453387377695402e-01
9.802810874834030e-01 2.471515941081371e-01
9.812576499834030e-01 2.500650548326124e-01
9.822342124834030e-01 2.535645558756608e-01
9.832107749834030e-01 2.576116377868161e-01
9.841873374834030e-01 2.613637912450711e-01
9.851638999834030e-01 2.661712057485503e-01
9.861404624834030e-01 2.707223012334341e-01
9.871170249834030e-01 2.766873298872404e-01
9.880935874834030e-01 2.835603374367387e-01
9.890701499834030e-01 2.915981655027383e-01
9.900467124834030e-01 3.004685808212006e-01
9.910232749834030e-01 3.115119963875156e-01
9.919998374834030e-01 3.252568947050996e-01
9.929763999834030e-01 3.431881313968465e-01
9.939529624834030e-01 3.660973981552111e-01
9.949295249834030e-01 3.975245543537410e-01
9.959060874834030e-01 4.422005526422367e-01
9.968826499834030e-01 5.087966800057595e-01
9.978592124834030e-01 6.146979452273603e-01
9.988357749834030e-01 7.933021633455434e-01
9.998123374834030e-01 1.112147554869453e+00
